  1.2538211e-001  3.0751251e+000
  3.0091204e+000  4.6189212e+000
  9.6508076e+000  8.2975328e+000
  1.0209053e+000  3.0013751e+000
  5.9602173e+000  7.0961985e+000
  4.6897768e+000  7.4601075e-001
  7.1732564e+000  7.5021581e+000
  8.5887093e+000  4.6890540e+000
  1.8559841e+000  9.4491396e+000
  4.6237497e+000  1.3973898e-001
  9.0329976e+000  5.4198845e-001
  2.2104509e-001  7.3844887e+000
  7.6040615e+000  6.3556508e+000
  7.9585200e+000  9.3097220e+000
  3.1385091e+000  4.6096061e+000
  2.3582520e+000  5.1288994e+000
  4.9445178e+000  4.2448111e+000
  6.8525446e+000  4.1591694e+000
  9.4463369e+000  3.8823428e+000
  4.3931192e+000  8.5553721e+000
  4.9743435e+000  8.2301891e+000
  9.8617923e-001  9.1391035e+000
  5.5443751e+000  8.3604194e+000
  4.3569432e+000  8.6808759e+000
  1.8126457e+000  7.7558726e+000
  1.5381181e+000  4.3192792e+000
  9.3372938e+000  4.3609799e+000
  1.3626561e+000  2.2430473e+000
  9.9854500e+000  1.3184340e-001
  6.9062063e+000  3.7596625e+000
  9.6104246e+000  8.3856231e+000
  7.7550151e+000  2.8624334e+000
  7.2413387e-003  2.8412913e+000
  3.2547141e+000  3.2708034e+000
  5.4410363e+000  4.7620926e+000
  3.0650632e+000  2.2598335e+000
  6.7270389e+000  9.6200620e+000
  3.4571332e+000  3.0645823e+000
  9.8059942e+000  7.7892559e+000
  3.5396831e+000  8.9534244e+000
  1.9515479e-001  2.5372332e+000
  8.1275205e+000  1.4575334e+000
  9.8281444e+000  3.4149627e+000
  3.1183581e+000  7.3313468e+000
  3.7890843e+000  3.3863913e-001
  7.4802945e+000  5.4423876e+000
  4.4283008e+000  5.5844540e+000
  9.9891501e-001  6.6968372e+000
  9.9262245e+000  5.8392692e+000
  5.3626196e+000  6.8590909e+000
  1.3454797e+000  7.6598387e+000
  1.3130000e+000  8.9766212e+000
  8.6399368e+000  9.6678967e+000
  7.0827249e+000  9.0579353e+000
  9.9824070e+000  1.7857939e+000
  8.1575692e+000  9.7848803e+000
  7.8223987e+000  8.9798574e+000
  7.6361575e+000  2.9361403e-001
  9.0497524e+000  2.8202236e+000
  1.0312187e+000  1.8790115e+000
  2.1171038e+000  6.0875351e+000
  8.5108862e+000  2.0935438e+000
  7.4296516e+000  9.9773466e+000
  4.0507100e+000  1.6761821e-001
  3.0504181e+000  4.3962816e+000
  4.7419497e+000  1.4839519e+000
  1.4473767e+000  6.2144594e+000
  4.9434015e+000  7.5436878e+000
  5.3012424e+000  2.8059695e+000
  5.1024243e+000  5.2717968e+000
  2.2746915e+000  3.1244058e+000
  9.3499391e+000  1.8174087e+000
  5.1769208e+000  7.7925294e+000
  4.5926090e+000  8.0950906e+000
  7.7673799e+000  7.2331295e+000
  7.3380325e+000  4.5309490e-001
  6.0238192e+000  6.1329975e+000
  5.6929031e-001  3.3521489e+000
  7.2003199e-001  5.8386259e+000
  6.3568163e+000  9.1317781e+000
  8.7633382e+000  5.0127250e+000
  4.2747944e+000  4.1750954e+000
  7.0840342e+000  7.9945750e+000
  7.0190120e-001  8.9060916e+000
  1.9065161e-001  5.1335333e+000
  5.0830986e+000  3.8972646e+000
  8.6940599e+000  9.3063870e+000
  7.9854901e+000  2.8273215e+000
  7.9923406e+000  7.6993714e+000
  1.9611330e+000  7.2758321e+000
  7.1437437e+000  9.1460800e+000
  2.1500843e+000  1.0612041e+000
  7.8650742e+000  8.8893761e+000
  1.7214753e+000  5.9504045e+000
  2.0614723e+000  1.2079956e-001
  4.6447419e+000  2.3831438e+000
  7.4526505e-001  1.2362385e+000
  5.9658051e+000  8.8078431e+000
  1.9099047e+000  8.1323228e+000
  9.3481737e+000  7.6333830e+000
  4.8095371e+000  5.4681019e+000
  5.9287932e+000  2.3308416e+000
  4.3960570e+000  3.2599266e+000
  3.1386009e+000  2.6276722e+000
  6.4319358e+000  4.3185535e+000
  3.1594824e+000  2.3469189e+000
  4.2804509e+000  3.0621795e+000
  4.8204160e+000  2.2641266e+000
  5.2278279e+000  2.8206761e+000
  3.9364350e+000  4.0846748e+000
  4.6452649e+000  3.1369146e+000
  2.2286825e+000  2.9843918e+000
  4.0596116e+000  2.0615089e+000
  3.2398227e+000  1.5219146e+000
  2.3090986e+000  3.3619309e+000
  5.1036721e+000  3.4777914e+000
  5.4624997e+000  3.3217416e+000
  4.2362129e+000  1.1224255e+000
  2.9023095e+000  3.6805258e+000
  6.4152325e+000  3.2333980e+000
  3.5978876e+000  4.2394916e+000
  4.9141309e+000  3.1256610e+000
  3.8640408e+000  3.1797206e+000
  5.3141929e+000  2.3949391e+000
  4.3223611e+000  1.9631495e+000
  3.5235039e+000  2.7047218e+000
  4.0761615e+000  4.4561145e+000
  3.8948531e+000  4.8025250e+000
  5.4170134e+000  1.6663864e+000
  4.7079106e+000  3.3872572e+000
  4.3679177e+000  2.9771914e+000
  3.3971555e+000  3.1105961e+000
  3.1478902e+000  3.8128107e+000
  4.6551223e+000  1.9909014e+000
  5.4701840e+000  1.9954280e+000
  3.1895965e+000  3.2829582e+000
  2.7238427e+000  3.2897503e+000
  5.7222681e+000  2.7527034e+000
  4.1018776e+000  2.7811357e+000
  3.1980029e+000  3.8986871e+000
  2.7491625e+000  2.3577867e+000
  5.2377172e+000  2.8195552e+000
  5.5281646e+000  3.7179129e+000
  5.7769228e+000  3.3013862e+000
  4.6311675e+000  4.5488950e+000
  4.0832585e+000  2.9557576e+000
  6.1400434e+000  2.9703493e+000
  5.2634693e+000  2.6178903e+000
  2.2493548e+000  2.4460708e+000
  3.9855676e+000  3.9323583e+000
