0.769170 9.785851 
7.209150 6.013176 
7.649115 3.618060 
6.579449 2.314038 
8.104085 4.497305 
3.742431 6.431015 
3.062315 2.452175 
3.706996 4.680136 
7.067471 4.974318 
1.683663 0.749649 
8.137210 7.665948 
4.662283 0.453672 
7.222857 1.651126 
9.948689 7.771986 
3.625030 2.083485 
7.308281 2.517762 
6.496674 3.965238 
6.813391 4.806878 
0.076119 5.092907 
6.541493 6.247965 
9.452352 6.255474 
6.132710 9.911668 
7.829280 3.592220 
0.031535 2.759911 
7.969578 6.781168 
6.418167 5.087627 
1.784786 2.768597 
5.294007 5.788408 
2.187435 8.228354 
5.480525 9.414545 
0.582374 4.443174 
5.875871 4.232291 
4.161036 9.961977 
1.864452 6.141181 
0.639107 9.440660 
0.747828 9.120818 
3.100375 8.149768 
9.440849 6.896369 
9.807266 3.086540 
5.551155 5.581965 
9.885257 6.367576 
6.915599 7.690811 
2.416609 0.540310 
8.098137 1.148313 
9.345117 8.459905 
1.288035 1.723833 
6.868268 0.369830 
2.972449 3.125545 
6.472208 8.172807 
4.637588 2.346367 
9.227897 5.874414 
2.417219 9.241843 
6.601565 3.300492 
3.322870 2.055409 
4.767530 3.644871 
4.687733 9.757147 
7.059289 7.168941 
2.399494 6.433097 
7.172026 7.825673 
8.651967 4.664818 
4.109897 2.322773 
4.247872 3.178790 
9.542864 7.887918 
8.814186 6.344428 
6.985877 6.597828 
3.054011 5.375834 
8.293261 9.192166 
9.706046 7.805060 
3.001027 3.267095 
9.980622 7.387478 
4.407485 4.377338 
0.062269 5.917965 
2.919011 1.145092 
6.918785 3.191656 
4.928493 6.218534 
0.834776 8.945537 
1.957871 9.635860 
9.775948 0.200635 
3.661987 1.106519 
1.394324 4.030200 
0.147555 0.971951 
6.406412 2.930490 
7.377220 6.787076 
0.267573 9.797916 
1.021526 3.994336 
8.933302 8.208843 
7.638765 1.316193 
5.826645 8.448912 
6.854303 2.327267 
9.671335 0.671546 
5.503444 3.314521 
7.771968 5.752345 
6.103504 1.368193 
9.885934 8.677977 
0.482622 3.292662 
9.853890 4.880019 
2.047362 4.315367 
9.124772 2.605416 
6.655460 9.830029 
4.623214 9.656980 
0.483333 9.485173 
4.604392 4.517224 
7.999506 3.316930 
2.894331 0.077595 
6.951024 1.658400 
2.592789 8.281669 
7.132297 6.434007 
7.203697 3.222752 
7.332767 0.263696 
6.223308 3.554429 
9.897794 7.438845 
1.523778 2.986638 
2.033226 1.812232 
8.193166 4.151917 
0.584354 8.673400 
5.385068 6.249399 
1.901533 0.552023 
5.994808 4.040929 
2.922580 3.019602 
0.912877 1.523197 
5.067673 3.091682 
8.841323 0.032583 
6.155681 4.374089 
0.463921 6.764113 
9.519242 8.229130 
1.690304 7.558454 
8.266710 1.626389 
6.113769 5.520431 
8.472995 5.250937 
1.141231 9.193553 
6.492198 4.419069 
1.148150 0.448023 
4.734122 9.645835 
6.831810 0.134624 
1.332986 5.520235 
4.640782 9.342997 
0.712500 8.986089 
5.812184 6.179897 
5.659789 6.999245 
2.552622 9.390950 
2.384941 4.520842 
0.159538 1.766718 
3.847447 6.167652 
7.573002 5.183802 
5.751600 3.644931 
4.080855 7.733097 
1.957082 8.282770 
5.121743 3.183901 
7.133457 5.959795 
8.673856 7.818181 
7.418054 0.335923 
9.948325 8.569775 
8.667482 6.826110 
4.858128 8.018506 
9.033054 9.176970 
0.203145 3.881099 
6.367875 4.719810 
9.440557 0.880583 
0.407802 9.251054 
2.856716 6.784799 
6.772538 6.410323 
5.861783 9.959078 
0.649696 4.995424 
8.792118 4.300516 
4.879093 8.291686 
8.914756 1.166961 
7.622947 5.986843 
6.553048 2.212246 
9.714815 3.986769 
1.711391 3.011523 
1.359651 6.335440 
7.552107 9.449833 
3.132169 0.058708 
4.632524 8.165989 
3.394341 6.908853 
0.096218 9.809848 
3.338014 0.697396 
2.468233 0.449548 
9.940609 7.399538 
9.055670 8.191216 
3.497684 2.608406 
2.781155 7.040127 
0.929237 2.964757 
2.405303 0.822910 
9.016466 8.753837 
3.242459 0.774517 
5.727034 7.409843 
1.850651 1.250701 
7.379102 4.437129 
1.117564 5.924831 
3.837517 6.363481 
8.623647 5.327348 
8.570829 2.087165 
8.193637 6.737281 
2.456950 2.419085 
8.975883 7.205294 
6.041235 3.999640 
1.397314 3.940360 
1.613014 4.115023 
8.831529 1.497437 
4.286386 3.673718 
4.639459 3.047811 
3.174103 3.260267 
3.702547 3.832024 
4.070474 2.864310 
4.211135 3.292045 
3.778739 3.117588 
4.119312 2.660357 
3.509357 1.986457 
3.924129 2.048423 
3.879315 2.861490 
4.382782 2.755625 
3.786654 2.836723 
3.639567 2.433755 
3.642979 3.090849 
4.111486 3.083189 
3.701677 2.712113 
4.641386 3.303105 
4.229708 2.342746 
4.128262 2.577275 
3.939447 2.899335 
4.126305 2.480624 
4.537481 3.493302 
3.104867 3.597850 
4.517163 3.094375 
3.848616 2.438257 
4.001009 3.263516 
4.353856 1.977355 
4.232980 2.786022 
3.354302 4.281010 
3.398534 3.175679 
4.229434 2.540040 
3.635785 3.354706 
3.347489 2.886645 
3.856345 3.414135 
3.840954 2.854049 
3.535477 3.536795 
3.556065 3.403549 
4.116269 3.085550 
3.235904 2.880294 
4.525908 3.102340 
4.266128 2.923670 
3.889954 2.968376 
3.990791 3.279941 
3.636809 2.681384 
3.582537 2.679487 
4.149406 2.996961 
4.360613 2.709276 
4.511415 2.403639 
3.948617 3.348134 
4.245129 2.893730 
4.782607 2.373322 
4.906530 2.842145 
3.850416 2.942458 
4.895216 2.066301 
3.936168 2.456984 
3.718688 2.273725 
4.225391 3.443369 
3.979881 2.943154 
4.465437 3.445103 
4.263524 3.223706 
3.379965 3.191348 
2.788353 2.728246 
4.216231 3.113987 
3.596400 2.466826 
4.363219 2.710408 
4.632921 2.734560 
3.608365 3.079377 
4.403161 2.282053 
4.063396 2.444931 
3.765229 3.079107 
4.629632 3.587731 
3.793340 3.146597 
4.491120 2.822890 
4.633550 2.980575 
3.164420 3.031083 
5.179818 3.783164 
4.542450 2.970861 
4.420027 3.375524 
3.693132 2.968157 
3.896939 2.679616 
3.451262 3.123770 
3.492938 3.420731 
3.642021 2.334316 
4.235636 2.563683 
4.737051 2.923308 
4.539187 3.185360 
3.803499 2.630341 
3.128973 2.740137 
4.094800 3.249157 
3.705836 2.465957 
3.288232 3.419075 
4.179212 3.345331 
4.232486 2.743036 
4.342643 3.264004 
3.893495 3.517646 
3.833012 3.125832 
3.917678 3.343829 
3.930271 3.051468 
4.087031 3.006627 
