  7.6057394e+000  8.0958176e-001
  6.2072433e+000  3.0149055e+000
  5.7923201e+000  1.8002420e+000
  2.8085312e+000  7.1616581e+000
  9.9764652e-001  7.9026490e+000
  7.2156567e+000  3.3132762e+000
  8.4143896e+000  7.8161564e+000
  8.2125008e+000  7.7665923e+000
  5.4356452e+000  1.0469363e+000
  3.6440279e+000  3.2897958e+000
  5.0093510e+000  2.6110583e+000
  3.3039783e+000  3.8839934e+000
  2.3054681e+000  8.9737365e+000
  6.0492809e+000  7.6677757e+000
  4.7341578e-001  2.4429067e+000
  7.3654937e+000  4.5464755e+000
  4.8773220e+000  2.7235753e+000
  9.8577617e+000  4.2318135e+000
  9.7847742e+000  6.9898096e+000
  1.4230444e+000  8.1743215e+000
  9.2895647e+000  8.2547435e+000
  1.5826244e-001  4.0326491e+000
  7.2773127e+000  6.5159881e+000
  7.3375865e+000  1.5243131e+000
  6.7948843e-001  3.3990600e+000
  7.9748358e+000  1.9285359e-001
  4.5330189e+000  7.6829232e+000
  2.1071530e+000  4.5787814e+000
  7.3525114e+000  4.3557565e-001
  5.7739214e+000  9.9561823e-001
  7.8945941e+000  9.5692431e+000
  8.2745461e-001  6.0880355e+000
  3.7577843e+000  2.4674587e+000
  2.0095829e+000  9.2951943e+000
  6.4573092e+000  4.2992799e+000
  1.2387531e+000  4.8975212e-001
  5.0752282e+000  9.0487865e+000
  1.0556861e+000  9.7823434e+000
  2.9104646e-001  6.5778140e+000
  5.0676121e-001  7.2696148e+000
  1.8272160e+000  4.8863004e+000
  5.0966452e+000  6.8578261e+000
  6.4761158e+000  3.6294115e+000
  5.0958685e+000  4.0099639e+000
  5.9918487e+000  5.1435271e+000
  3.3641735e+000  4.5510027e-001
  7.2349857e+000  9.9135858e+000
  1.1806652e+000  3.0960909e+000
  5.1983908e+000  2.5647150e+000
  9.9516800e+000  6.1010333e+000
  3.1334851e+000  4.4698279e+000
  5.0580103e+000  4.1843903e+000
  8.1978111e+000  4.1184190e+000
  2.9870264e+000  7.1405661e+000
  7.0859577e+000  1.0277800e+000
  8.6949902e+000  3.8017219e+000
  6.5647630e+000  7.5245051e+000
  8.6219059e+000  1.4917046e+000
  9.2659813e+000  6.6088241e+000
  9.3873355e+000  2.3694311e+000
  6.6571868e+000  7.2761277e+000
  5.9772821e+000  2.5853220e+000
  4.0452661e+000  4.6951064e+000
  1.3402694e+000  8.5751450e+000
  3.0195548e+000  8.3341289e+000
  4.6032711e+000  4.7597704e+000
  5.0327570e+000  3.4013455e+000
  7.6293619e+000  5.4221415e+000
  9.4427582e+000  5.6150269e+000
  6.4984569e+000  9.2521772e+000
  9.4637017e+000  2.7439270e+000
  4.6371605e+000  2.9564165e+000
  2.7117192e+000  6.1254575e+000
  6.9388072e-001  8.9063893e+000
  1.8738422e+000  7.1444887e+000
  3.4903755e+000  2.0150032e+000
  9.1430393e+000  1.0816899e+000
  1.3763153e-001  7.3803202e+000
  9.8752990e+000  7.6202287e+000
  1.7402328e+000  2.7897671e+000
  4.0295540e+000  8.4521832e+000
  3.9926023e+000  6.2438642e+000
  7.8565740e+000  6.2167069e+000
  5.0588382e+000  9.5489348e+000
  5.6237672e+000  2.9541316e+000
  7.0123783e+000  6.3182029e+000
  2.8537370e+000  5.3129431e+000
  9.8663679e+000  8.7116579e+000
  2.2431795e+000  5.8445636e+000
  5.0095409e+000  6.0263193e+000
  4.2991900e+000  4.8815102e+000
  5.1600244e+000  9.4264933e+000
  4.6858149e-001  3.4652633e+000
  9.6465308e+000  1.9969035e+000
  6.5766953e-001  9.8099853e-001
  5.1001913e+000  6.5211543e+000
  7.0539202e+000  6.0596724e+000
  6.2490507e+000  8.1107726e+000
  2.2749404e+000  4.6175647e+000
  6.3067714e+000  9.3719857e-001
  1.5315406e+000  1.0269518e+000
  3.1078955e+000  8.7454423e+000
  6.4931678e+000  6.0755967e-001
  8.3557728e+000  8.4723774e+000
  1.7702851e-001  4.5410844e+000
  4.0440103e+000  2.4818102e+000
  7.9951455e+000  9.8858086e+000
  1.5958215e+000  5.6431794e+000
  3.1242677e+000  2.2053122e+000
  6.3107743e+000  8.7750830e+000
  5.9102040e+000  7.2756365e+000
  5.4479042e-001  8.5308434e+000
  8.6948103e+000  1.7767828e+000
  7.2798735e+000  5.4030234e+000
  1.6556441e-001  4.7218425e+000
  7.4408531e+000  7.3239451e+000
  2.9167640e+000  9.8059721e+000
  7.5648210e+000  6.6682263e+000
  1.0374933e+000  6.8313536e+000
  2.2742931e+000  8.7539353e+000
  4.8794304e+000  5.0769317e+000
  8.7326894e+000  4.6789294e+000
  5.7907540e+000  2.4484492e+000
  4.2129001e+000  5.6602878e+000
  8.1327001e+000  7.6072429e+000
  6.9527220e+000  3.4516898e+000
  4.4129846e+000  4.4754709e+000
  4.7069247e+000  5.1578857e+000
  8.8142285e+000  1.5734388e+000
  6.4512019e+000  9.8087832e+000
  1.4623175e+000  2.9875383e+000
  2.1238621e+000  1.5460227e+000
  1.2596769e+000  9.3573824e+000
  5.3609543e+000  6.7386155e+000
  8.3985766e+000  4.2791004e+000
  2.3990718e+000  8.3280876e+000
  2.2331697e-001  1.7132318e+000
  1.4833534e+000  4.4064209e+000
  4.7569103e+000  7.5244155e+000
  8.7802526e+000  6.1549585e+000
  8.6320994e+000  2.5416907e+000
  9.9612980e+000  3.5040783e+000
  7.5732028e+000  6.1301262e+000
  8.8576153e+000  3.3772449e+000
  3.6868507e+000  6.3599207e+000
  7.1595480e+000  5.1660442e+000
  2.8571329e+000  5.1953556e+000
  7.8948060e+000  6.2644921e+000
  2.0542100e+000  9.4918872e+000
  4.2984892e+000  2.2348371e+000
  6.2883878e+000  9.9464291e+000
  5.5934895e+000  8.7740525e+000
  2.4634386e+000  6.2594636e+000
  6.5652403e+000  2.1187830e+000
  1.3232022e+000  9.1554109e+000
  5.1340940e+000  1.3425123e+000
  2.7399913e+000  9.6806506e+000
  5.8734653e+000  6.1990608e+000
  2.6843646e+000  6.4077082e+000
  7.8427471e+000  1.3569430e-001
  1.4861357e+000  7.8953296e+000
  7.7329242e+000  8.9955540e+000
  5.1991047e+000  2.1781955e-002
  5.8671559e+000  5.1633626e+000
  5.1897927e+000  6.2442711e+000
  1.4056816e+000  2.6518925e+000
  3.1591944e+000  3.9898169e+000
  8.6127901e+000  9.7762831e+000
  4.3344876e+000  3.0370742e+000
  5.9469938e-001  5.6675512e+000
  8.8586116e+000  2.1612231e+000
  2.5598456e+000  1.3540508e+000
  2.8755026e+000  9.7862011e+000
  2.2394253e+000  2.1433100e+000
  5.9122219e+000  1.3578735e+000
  5.6433058e+000  5.2663059e-001
  8.6594739e+000  2.6463873e+000
  2.1964931e+000  7.5732111e+000
  3.0123792e+000  4.3569250e+000
  5.8705546e+000  5.0665814e+000
  9.0204879e+000  4.9472363e+000
  5.2374567e+000  9.4209092e-001
  6.6875055e+000  9.7121009e+000
  6.7688123e+000  4.2490008e+000
  9.5292319e+000  2.7019042e+000
  6.2393576e+000  9.3525024e+000
  4.5789981e+000  2.2074913e+000
  6.4776444e+000  1.8961936e+000
  9.7886682e+000  2.8059547e+000
  4.2144883e+000  6.7405958e+000
  9.7578725e+000  5.9820533e+000
  5.1860738e+000  3.8884688e+000
  5.4289554e+000  9.3584301e+000
  3.7912535e+000  8.2694146e+000
  8.4916971e+000  5.1275411e-001
  5.4558009e+000  8.2770210e+000
  8.1514993e+000  3.8780701e+000
  4.8574909e+000  4.4573473e+000
  1.1619398e+000  9.1715410e-002
  1.4343197e+000  2.8018584e+000
  7.8468558e+000  2.9201735e+000
  2.6893557e+000  4.2988790e+000
  5.5675568e+000  7.0133643e+000
  1.3570609e+000  1.0357548e-001
  4.2453880e+000  2.3699666e+000
  5.7632705e-001  4.0147587e+000
  7.9681634e+000  8.7691429e-001
  5.5951067e+000  8.8354594e+000
  7.7135961e+000  4.3651238e+000
  9.9501423e+000  3.0879015e+000
  8.9561162e-001  8.2425685e+000
  7.2132924e+000  6.8749353e+000
  9.9732527e+000  5.3041397e+000
  1.0808855e+000  1.7758868e+000
  4.5675779e+000  8.9701358e+000
  1.3305179e+000  8.0996848e+000
  7.0383857e+000  3.8912886e+000
  3.0627222e+000  4.7899794e+000
  6.4320089e-001  6.0740050e+000
  1.7377417e+000  6.5190448e+000
  1.9250150e+000  7.6252364e+000
  6.7035182e+000  4.4770920e+000
  3.8706358e+000  6.4298250e+000
  7.0268158e-001  2.8058327e+000
  6.8104855e+000  4.4328647e+000
  8.5615323e+000  2.4820401e+000
  9.7097755e-001  1.5161882e+000
  3.9186196e+000  2.0652687e+000
  3.7595298e+000  9.1416014e+000
  5.1551799e+000  5.8260759e+000
  8.9426636e+000  6.9330371e+000
  6.4182104e+000  8.5649102e+000
  2.0327599e+000  4.8647533e+000
  6.8881728e-001  3.4273237e+000
  8.0014493e+000  4.1864523e+000
  4.2305902e+000  1.1871215e+000
  8.9231678e+000  5.1856566e+000
  9.9190756e+000  9.7158379e+000
  4.0087628e+000  3.2907284e+000
  3.4068872e+000  3.3916966e+000
  3.1674084e+000  8.0187563e+000
  3.6428768e+000  1.5969981e+000
  6.1573238e+000  1.5924331e+000
  5.9745195e+000  1.6366448e+000
  6.8523835e+000  9.1434935e+000
  9.7382051e+000  7.7501836e+000
  2.8032689e+000  4.2988651e+000
  1.7396814e+000  2.5915648e+000
  9.2190895e+000  6.2238733e+000
  2.6024441e+000  9.8524934e+000
  3.7506160e+000  6.3692904e+000
  6.4474224e+000  2.3306373e+000
  3.1646837e+000  7.8449820e+000
  1.9241606e+000  3.4049468e-002
  2.3317288e+000  7.9740961e+000
  2.1984319e+000  2.0765450e+000
  7.9438414e-001  1.9953015e+000
  1.2387395e+000  9.7757940e+000
  5.3758448e+000  6.2307155e+000
  6.8886259e+000  5.5215808e-001
  7.2011925e+000  1.4229838e+000
  9.3880175e+000  4.0784201e+000
  8.2237314e-002  7.7815124e+000
  5.8168210e+000  1.6276737e+000
  5.5634683e+000  2.6205698e-001
  6.8937745e+000  8.5135273e+000
  7.6095274e+000  2.5292705e+000
  8.2429195e+000  3.9515567e+000
  5.2769278e+000  6.8728797e+000
  3.4151409e+000  8.7098945e+000
  6.8287719e-001  6.8098333e+000
  2.6404108e+000  1.3919973e+000
  9.9416826e+000  5.7698934e+000
  3.8544568e+000  6.8441309e+000
  7.8625042e+000  3.1619732e+000
  8.6961073e+000  5.1183486e+000
  8.5195507e-001  4.4610127e+000
  4.8370876e+000  5.2018114e+000
  8.4455106e+000  3.6603186e+000
  4.6583953e+000  6.5230813e+000
  5.9923626e+000  8.7155947e+000
  2.0815498e+000  8.6797245e+000
  5.1705713e+000  5.2980454e+000
  1.5800764e+000  9.5931482e+000
  7.4437810e+000  5.9101580e+000
  4.8907701e+000  2.3313041e-001
  6.4964406e+000  1.8223081e+000
  4.1755337e-001  4.6746731e+000
  3.3481598e+000  6.1341802e+000
  4.3335620e+000  1.3965467e+000
  9.8590832e-001  2.1177189e+000
  6.8092288e+000  9.9007104e+000
  2.7123257e-001  3.3004089e+000
  3.2084812e+000  4.2583631e+000
  5.2480022e-001  1.4625649e+000
  3.6955755e+000  5.4573369e+000
  3.8387594e+000  9.1977961e-001
  3.3587764e+000  4.3495598e+000
  8.9068983e+000  8.3677688e-001
  2.3813734e+000  5.5491236e+000
