0.001000 0.001834
0.002000 0.008697
0.003000 0.016941
0.004000 0.025515
0.005000 0.034114
0.006000 0.042627
0.007000 0.051009
0.008000 0.059247
0.009000 0.067339
0.010000 0.075287
0.011000 0.083097
0.012000 0.090775
0.013000 0.098330
0.014000 0.105766
0.015000 0.113092
0.016000 0.120312
0.017000 0.127433
0.018000 0.134460
0.019000 0.141398
0.020000 0.148252
0.021000 0.155025
0.022000 0.161722
0.023000 0.168346
0.024000 0.174901
0.025000 0.181389
0.026000 0.187814
0.027000 0.194179
0.028000 0.200485
0.029000 0.206736
0.030000 0.212934
0.031000 0.219080
0.032000 0.225176
0.033000 0.231225
0.034000 0.237229
0.035000 0.243188
0.036000 0.249104
0.037000 0.254980
0.038000 0.260816
0.039000 0.266613
0.040000 0.272373
0.041000 0.278097
0.042000 0.283787
0.043000 0.289442
0.044000 0.295065
0.045000 0.300656
0.046000 0.306217
0.047000 0.311747
0.048000 0.317249
0.049000 0.322722
0.050000 0.328168
0.051000 0.333587
0.052000 0.338980
0.053000 0.344348
0.054000 0.349691
0.055000 0.355010
0.056000 0.360306
0.057000 0.365579
0.058000 0.370830
0.059000 0.376059
0.060000 0.381267
0.061000 0.386455
0.062000 0.391622
0.063000 0.396770
0.064000 0.401899
0.065000 0.407009
0.066000 0.412101
0.067000 0.417174
0.068000 0.422231
0.069000 0.427270
0.070000 0.432292
0.071000 0.437298
0.072000 0.442289
0.073000 0.447263
0.074000 0.452222
0.075000 0.457167
0.076000 0.462096
0.077000 0.467011
0.078000 0.471913
0.079000 0.476800
0.080000 0.481674
0.081000 0.486535
0.082000 0.491382
0.083000 0.496217
0.084000 0.501040
0.085000 0.505851
0.086000 0.510649
0.087000 0.515436
0.088000 0.520211
0.089000 0.524975
0.090000 0.529728
0.091000 0.534470
0.092000 0.539202
0.093000 0.543923
0.094000 0.548634
0.095000 0.553335
0.096000 0.558026
0.097000 0.562707
0.098000 0.567379
0.099000 0.572042
0.100000 0.576695
0.101000 0.581339
0.102000 0.585975
0.103000 0.590602
0.104000 0.595221
0.105000 0.599831
0.106000 0.604433
0.107000 0.609027
0.108000 0.613613
0.109000 0.618192
0.110000 0.622762
0.111000 0.627326
0.112000 0.631882
0.113000 0.636431
0.114000 0.640972
0.115000 0.645507
0.116000 0.650035
0.117000 0.654556
0.118000 0.659071
0.119000 0.663579
0.120000 0.668081
0.121000 0.672577
0.122000 0.677067
0.123000 0.681550
0.124000 0.686028
0.125000 0.690500
0.126000 0.694966
0.127000 0.699427
0.128000 0.703882
0.129000 0.708331
0.130000 0.712776
0.131000 0.717215
0.132000 0.721649
0.133000 0.726078
0.134000 0.730503
0.135000 0.734922
0.136000 0.739337
0.137000 0.743747
0.138000 0.748152
0.139000 0.752553
0.140000 0.756949
0.141000 0.761342
0.142000 0.765729
0.143000 0.770113
0.144000 0.774493
0.145000 0.778869
0.146000 0.783240
0.147000 0.787608
0.148000 0.791972
0.149000 0.796333
0.150000 0.800690
0.151000 0.805043
0.152000 0.809393
0.153000 0.813739
0.154000 0.818082
0.155000 0.822421
0.156000 0.826758
0.157000 0.831091
0.158000 0.835421
0.159000 0.839748
0.160000 0.844072
0.161000 0.848394
0.162000 0.852712
0.163000 0.857028
0.164000 0.861340
0.165000 0.865651
0.166000 0.869958
0.167000 0.874263
0.168000 0.878566
0.169000 0.882866
0.170000 0.887163
0.171000 0.891459
0.172000 0.895752
0.173000 0.900043
0.174000 0.904332
0.175000 0.908618
0.176000 0.912903
0.177000 0.917185
0.178000 0.921466
0.179000 0.925744
0.180000 0.930021
0.181000 0.934296
0.182000 0.938569
0.183000 0.942841
0.184000 0.947111
0.185000 0.951379
0.186000 0.955646
0.187000 0.959911
0.188000 0.964175
0.189000 0.968437
0.190000 0.972698
0.191000 0.976957
0.192000 0.981215
0.193000 0.985472
0.194000 0.989728
0.195000 0.993983
0.196000 0.998236
0.197000 1.002488
0.198000 1.006740
0.199000 1.010990
0.200000 1.015239
0.201000 1.019488
0.202000 1.023735
0.203000 1.027982
0.204000 1.032228
0.205000 1.036473
0.206000 1.040717
0.207000 1.044961
0.208000 1.049204
0.209000 1.053447
0.210000 1.057689
0.211000 1.061930
0.212000 1.066171
0.213000 1.070412
0.214000 1.074652
0.215000 1.078891
0.216000 1.083131
0.217000 1.087370
0.218000 1.091608
0.219000 1.095847
0.220000 1.100085
0.221000 1.104323
0.222000 1.108561
0.223000 1.112799
0.224000 1.117037
0.225000 1.121275
0.226000 1.125513
0.227000 1.129751
0.228000 1.133989
0.229000 1.138227
0.230000 1.142465
0.231000 1.146703
0.232000 1.150942
0.233000 1.155180
0.234000 1.159419
0.235000 1.163659
0.236000 1.167898
0.237000 1.172139
0.238000 1.176379
0.239000 1.180620
0.240000 1.184861
0.241000 1.189103
0.242000 1.193345
0.243000 1.197588
0.244000 1.201831
0.245000 1.206075
0.246000 1.210320
0.247000 1.214565
0.248000 1.218811
0.249000 1.223058
0.250000 1.227306
0.251000 1.231554
0.252000 1.235803
0.253000 1.240053
0.254000 1.244304
0.255000 1.248556
0.256000 1.252808
0.257000 1.257062
0.258000 1.261317
0.259000 1.265572
0.260000 1.269829
0.261000 1.274087
0.262000 1.278345
0.263000 1.282605
0.264000 1.286867
0.265000 1.291129
0.266000 1.295392
0.267000 1.299657
0.268000 1.303923
0.269000 1.308190
0.270000 1.312459
0.271000 1.316729
0.272000 1.321000
0.273000 1.325273
0.274000 1.329547
0.275000 1.333823
0.276000 1.338100
0.277000 1.342379
0.278000 1.346659
0.279000 1.350940
0.280000 1.355224
0.281000 1.359509
0.282000 1.363795
0.283000 1.368083
0.284000 1.372373
0.285000 1.376665
0.286000 1.380958
0.287000 1.385253
0.288000 1.389550
0.289000 1.393849
0.290000 1.398149
0.291000 1.402452
0.292000 1.406756
0.293000 1.411062
0.294000 1.415371
0.295000 1.419681
0.296000 1.423993
0.297000 1.428307
0.298000 1.432623
0.299000 1.436942
0.300000 1.441262
0.301000 1.445584
0.302000 1.449909
0.303000 1.454236
0.304000 1.458565
0.305000 1.462896
0.306000 1.467230
0.307000 1.471565
0.308000 1.475903
0.309000 1.480244
0.310000 1.484586
0.311000 1.488932
0.312000 1.493279
0.313000 1.497629
0.314000 1.501981
0.315000 1.506336
0.316000 1.510693
0.317000 1.515053
0.318000 1.519415
0.319000 1.523780
0.320000 1.528148
0.321000 1.532518
0.322000 1.536891
0.323000 1.541266
0.324000 1.545644
0.325000 1.550025
0.326000 1.554408
0.327000 1.558795
0.328000 1.563184
0.329000 1.567576
0.330000 1.571970
0.331000 1.576368
0.332000 1.580768
0.333000 1.585172
0.334000 1.589578
0.335000 1.593987
0.336000 1.598399
0.337000 1.602815
0.338000 1.607233
0.339000 1.611654
0.340000 1.616079
0.341000 1.620506
0.342000 1.624937
0.343000 1.629370
0.344000 1.633807
0.345000 1.638247
0.346000 1.642691
0.347000 1.647137
0.348000 1.651587
0.349000 1.656040
0.350000 1.660497
0.351000 1.664956
0.352000 1.669419
0.353000 1.673886
0.354000 1.678356
0.355000 1.682829
0.356000 1.687306
0.357000 1.691787
0.358000 1.696270
0.359000 1.700758
0.360000 1.705249
0.361000 1.709743
0.362000 1.714241
0.363000 1.718743
0.364000 1.723249
0.365000 1.727758
0.366000 1.732271
0.367000 1.736787
0.368000 1.741308
0.369000 1.745832
0.370000 1.750360
0.371000 1.754891
0.372000 1.759427
0.373000 1.763967
0.374000 1.768510
0.375000 1.773057
0.376000 1.777609
0.377000 1.782164
0.378000 1.786723
0.379000 1.791287
0.380000 1.795854
0.381000 1.800425
0.382000 1.805001
0.383000 1.809581
0.384000 1.814165
0.385000 1.818753
0.386000 1.823345
0.387000 1.827942
0.388000 1.832542
0.389000 1.837147
0.390000 1.841757
0.391000 1.846371
0.392000 1.850989
0.393000 1.855611
0.394000 1.860238
0.395000 1.864869
0.396000 1.869505
0.397000 1.874146
0.398000 1.878790
0.399000 1.883440
0.400000 1.888094
0.401000 1.892752
0.402000 1.897416
0.403000 1.902083
0.404000 1.906756
0.405000 1.911433
0.406000 1.916115
0.407000 1.920802
0.408000 1.925493
0.409000 1.930190
0.410000 1.934891
0.411000 1.939597
0.412000 1.944308
0.413000 1.949024
0.414000 1.953745
0.415000 1.958470
0.416000 1.963201
0.417000 1.967937
0.418000 1.972678
0.419000 1.977424
0.420000 1.982175
0.421000 1.986931
0.422000 1.991693
0.423000 1.996460
0.424000 2.001231
0.425000 2.006009
0.426000 2.010791
0.427000 2.015579
0.428000 2.020372
0.429000 2.025170
0.430000 2.029974
0.431000 2.034783
0.432000 2.039598
0.433000 2.044418
0.434000 2.049244
0.435000 2.054075
0.436000 2.058912
0.437000 2.063755
0.438000 2.068603
0.439000 2.073456
0.440000 2.078316
0.441000 2.083181
0.442000 2.088052
0.443000 2.092929
0.444000 2.097811
0.445000 2.102699
0.446000 2.107594
0.447000 2.112494
0.448000 2.117400
0.449000 2.122312
0.450000 2.127230
0.451000 2.132154
0.452000 2.137084
0.453000 2.142020
0.454000 2.146963
0.455000 2.151911
0.456000 2.156866
0.457000 2.161827
0.458000 2.166794
0.459000 2.171767
0.460000 2.176747
0.461000 2.181733
0.462000 2.186725
0.463000 2.191724
0.464000 2.196729
0.465000 2.201741
0.466000 2.206759
0.467000 2.211784
0.468000 2.216816
0.469000 2.221854
0.470000 2.226898
0.471000 2.231950
0.472000 2.237008
0.473000 2.242072
0.474000 2.247144
0.475000 2.252222
0.476000 2.257307
0.477000 2.262399
0.478000 2.267498
0.479000 2.272604
0.480000 2.277717
0.481000 2.282837
0.482000 2.287964
0.483000 2.293098
0.484000 2.298239
0.485000 2.303388
0.486000 2.308543
0.487000 2.313706
0.488000 2.318876
0.489000 2.324053
0.490000 2.329238
0.491000 2.334430
0.492000 2.339629
0.493000 2.344836
0.494000 2.350051
0.495000 2.355273
0.496000 2.360502
0.497000 2.365739
0.498000 2.370984
0.499000 2.376237
0.500000 2.381497
0.501000 2.386765
0.502000 2.392040
0.503000 2.397324
0.504000 2.402615
0.505000 2.407915
0.506000 2.413222
0.507000 2.418537
0.508000 2.423861
0.509000 2.429192
0.510000 2.434531
0.511000 2.439879
0.512000 2.445235
0.513000 2.450599
0.514000 2.455971
0.515000 2.461352
0.516000 2.466741
0.517000 2.472139
0.518000 2.477544
0.519000 2.482959
0.520000 2.488382
0.521000 2.493813
0.522000 2.499253
0.523000 2.504702
0.524000 2.510160
0.525000 2.515626
0.526000 2.521101
0.527000 2.526585
0.528000 2.532077
0.529000 2.537579
0.530000 2.543090
0.531000 2.548609
0.532000 2.554138
0.533000 2.559676
0.534000 2.565223
0.535000 2.570779
0.536000 2.576344
0.537000 2.581919
0.538000 2.587503
0.539000 2.593097
0.540000 2.598700
0.541000 2.604312
0.542000 2.609934
0.543000 2.615565
0.544000 2.621207
0.545000 2.626857
0.546000 2.632518
0.547000 2.638188
0.548000 2.643868
0.549000 2.649558
0.550000 2.655258
0.551000 2.660968
0.552000 2.666688
0.553000 2.672418
0.554000 2.678159
0.555000 2.683909
0.556000 2.689670
0.557000 2.695440
0.558000 2.701222
0.559000 2.707013
0.560000 2.712816
0.561000 2.718628
0.562000 2.724451
0.563000 2.730285
0.564000 2.736130
0.565000 2.741985
0.566000 2.747851
0.567000 2.753728
0.568000 2.759616
0.569000 2.765514
0.570000 2.771424
0.571000 2.777345
0.572000 2.783277
0.573000 2.789220
0.574000 2.795175
0.575000 2.801140
0.576000 2.807117
0.577000 2.813106
0.578000 2.819106
0.579000 2.825117
0.580000 2.831140
0.581000 2.837175
0.582000 2.843222
0.583000 2.849280
0.584000 2.855350
0.585000 2.861433
0.586000 2.867527
0.587000 2.873633
0.588000 2.879751
0.589000 2.885882
0.590000 2.892024
0.591000 2.898179
0.592000 2.904347
0.593000 2.910527
0.594000 2.916719
0.595000 2.922924
0.596000 2.929142
0.597000 2.935372
0.598000 2.941615
0.599000 2.947871
0.600000 2.954140
0.601000 2.960422
0.602000 2.966717
0.603000 2.973025
0.604000 2.979347
0.605000 2.985681
0.606000 2.992029
0.607000 2.998391
0.608000 3.004766
0.609000 3.011154
0.610000 3.017557
0.611000 3.023973
0.612000 3.030402
0.613000 3.036846
0.614000 3.043304
0.615000 3.049775
0.616000 3.056261
0.617000 3.062761
0.618000 3.069276
0.619000 3.075804
0.620000 3.082348
0.621000 3.088905
0.622000 3.095478
0.623000 3.102065
0.624000 3.108666
0.625000 3.115283
0.626000 3.121915
0.627000 3.128561
0.628000 3.135223
0.629000 3.141900
0.630000 3.148593
0.631000 3.155300
0.632000 3.162024
0.633000 3.168762
0.634000 3.175517
0.635000 3.182287
0.636000 3.189073
0.637000 3.195875
0.638000 3.202693
0.639000 3.209527
0.640000 3.216378
0.641000 3.223244
0.642000 3.230128
0.643000 3.237027
0.644000 3.243943
0.645000 3.250876
0.646000 3.257826
0.647000 3.264793
0.648000 3.271777
0.649000 3.278777
0.650000 3.285796
0.651000 3.292831
0.652000 3.299884
0.653000 3.306954
0.654000 3.314042
0.655000 3.321148
0.656000 3.328271
0.657000 3.335413
0.658000 3.342573
0.659000 3.349751
0.660000 3.356947
0.661000 3.364161
0.662000 3.371395
0.663000 3.378646
0.664000 3.385917
0.665000 3.393206
0.666000 3.400515
0.667000 3.407842
0.668000 3.415189
0.669000 3.422555
0.670000 3.429941
0.671000 3.437346
0.672000 3.444771
0.673000 3.452216
0.674000 3.459681
0.675000 3.467166
0.676000 3.474672
0.677000 3.482197
0.678000 3.489743
0.679000 3.497310
0.680000 3.504898
0.681000 3.512506
0.682000 3.520136
0.683000 3.527787
0.684000 3.535459
0.685000 3.543152
0.686000 3.550867
0.687000 3.558604
0.688000 3.566363
0.689000 3.574144
0.690000 3.581947
0.691000 3.589773
0.692000 3.597621
0.693000 3.605491
0.694000 3.613385
0.695000 3.621301
0.696000 3.629240
0.697000 3.637203
0.698000 3.645189
0.699000 3.653199
0.700000 3.661233
0.701000 3.669290
0.702000 3.677372
0.703000 3.685477
0.704000 3.693608
0.705000 3.701762
0.706000 3.709942
0.707000 3.718146
0.708000 3.726376
0.709000 3.734631
0.710000 3.742911
0.711000 3.751218
0.712000 3.759549
0.713000 3.767907
0.714000 3.776292
0.715000 3.784702
0.716000 3.793139
0.717000 3.801603
0.718000 3.810094
0.719000 3.818612
0.720000 3.827158
0.721000 3.835731
0.722000 3.844332
0.723000 3.852960
0.724000 3.861617
0.725000 3.870303
0.726000 3.879017
0.727000 3.887760
0.728000 3.896532
0.729000 3.905333
0.730000 3.914164
0.731000 3.923024
0.732000 3.931915
0.733000 3.940835
0.734000 3.949786
0.735000 3.958768
0.736000 3.967780
0.737000 3.976824
0.738000 3.985899
0.739000 3.995005
0.740000 4.004144
0.741000 4.013315
0.742000 4.022517
0.743000 4.031753
0.744000 4.041021
0.745000 4.050323
0.746000 4.059658
0.747000 4.069027
0.748000 4.078429
0.749000 4.087866
0.750000 4.097338
0.751000 4.106844
0.752000 4.116385
0.753000 4.125962
0.754000 4.135574
0.755000 4.145222
0.756000 4.154906
0.757000 4.164628
0.758000 4.174385
0.759000 4.184180
0.760000 4.194013
0.761000 4.203883
0.762000 4.213792
0.763000 4.223739
0.764000 4.233725
0.765000 4.243749
0.766000 4.253814
0.767000 4.263918
0.768000 4.274062
0.769000 4.284247
0.770000 4.294473
0.771000 4.304740
0.772000 4.315048
0.773000 4.325399
0.774000 4.335791
0.775000 4.346227
0.776000 4.356706
0.777000 4.367228
0.778000 4.377794
0.779000 4.388404
0.780000 4.399059
0.781000 4.409759
0.782000 4.420505
0.783000 4.431297
0.784000 4.442135
0.785000 4.453020
0.786000 4.463952
0.787000 4.474932
0.788000 4.485960
0.789000 4.497037
0.790000 4.508163
0.791000 4.519338
0.792000 4.530564
0.793000 4.541840
0.794000 4.553167
0.795000 4.564546
0.796000 4.575977
0.797000 4.587460
0.798000 4.598997
0.799000 4.610587
0.800000 4.622231
0.801000 4.633930
0.802000 4.645684
0.803000 4.657495
0.804000 4.669361
0.805000 4.681285
0.806000 4.693266
0.807000 4.705306
0.808000 4.717404
0.809000 4.729562
0.810000 4.741780
0.811000 4.754058
0.812000 4.766398
0.813000 4.778800
0.814000 4.791265
0.815000 4.803793
0.816000 4.816385
0.817000 4.829042
0.818000 4.841764
0.819000 4.854553
0.820000 4.867408
0.821000 4.880332
0.822000 4.893323
0.823000 4.906384
0.824000 4.919515
0.825000 4.932717
0.826000 4.945991
0.827000 4.959337
0.828000 4.972757
0.829000 4.986250
0.830000 4.999819
0.831000 5.013464
0.832000 5.027186
0.833000 5.040985
0.834000 5.054864
0.835000 5.068822
0.836000 5.082860
0.837000 5.096981
0.838000 5.111184
0.839000 5.125471
0.840000 5.139843
0.841000 5.154300
0.842000 5.168845
0.843000 5.183477
0.844000 5.198199
0.845000 5.213011
0.846000 5.227915
0.847000 5.242911
0.848000 5.258002
0.849000 5.273187
0.850000 5.288469
0.851000 5.303849
0.852000 5.319328
0.853000 5.334908
0.854000 5.350589
0.855000 5.366373
0.856000 5.382263
0.857000 5.398258
0.858000 5.414361
0.859000 5.430573
0.860000 5.446896
0.861000 5.463331
0.862000 5.479880
0.863000 5.496545
0.864000 5.513327
0.865000 5.530228
0.866000 5.547250
0.867000 5.564395
0.868000 5.581664
0.869000 5.599060
0.870000 5.616584
0.871000 5.634239
0.872000 5.652026
0.873000 5.669947
0.874000 5.688005
0.875000 5.706202
0.876000 5.724540
0.877000 5.743021
0.878000 5.761648
0.879000 5.780423
0.880000 5.799349
0.881000 5.818428
0.882000 5.837662
0.883000 5.857055
0.884000 5.876609
0.885000 5.896327
0.886000 5.916212
0.887000 5.936267
0.888000 5.956494
0.889000 5.976897
0.890000 5.997479
0.891000 6.018244
0.892000 6.039194
0.893000 6.060334
0.894000 6.081666
0.895000 6.103195
0.896000 6.124924
0.897000 6.146857
0.898000 6.168998
0.899000 6.191351
0.900000 6.213921
0.901000 6.236712
0.902000 6.259728
0.903000 6.282973
0.904000 6.306454
0.905000 6.330174
0.906000 6.354139
0.907000 6.378354
0.908000 6.402825
0.909000 6.427556
0.910000 6.452554
0.911000 6.477825
0.912000 6.503375
0.913000 6.529211
0.914000 6.555338
0.915000 6.581764
0.916000 6.608496
0.917000 6.635542
0.918000 6.662908
0.919000 6.690603
0.920000 6.718636
0.921000 6.747013
0.922000 6.775745
0.923000 6.804841
0.924000 6.834310
0.925000 6.864161
0.926000 6.894406
0.927000 6.925055
0.928000 6.956119
0.929000 6.987610
0.930000 7.019540
0.931000 7.051921
0.932000 7.084767
0.933000 7.118092
0.934000 7.151911
0.935000 7.186237
0.936000 7.221087
0.937000 7.256478
0.938000 7.292427
0.939000 7.328953
0.940000 7.366073
0.941000 7.403808
0.942000 7.442181
0.943000 7.481211
0.944000 7.520924
0.945000 7.561343
0.946000 7.602495
0.947000 7.644407
0.948000 7.687108
0.949000 7.730629
0.950000 7.775003
0.951000 7.820264
0.952000 7.866448
0.953000 7.913595
0.954000 7.961746
0.955000 8.010946
0.956000 8.061242
0.957000 8.112684
0.958000 8.165327
0.959000 8.219228
0.960000 8.274450
0.961000 8.331060
0.962000 8.389130
0.963000 8.448739
0.964000 8.509971
0.965000 8.572917
0.966000 8.637678
0.967000 8.704363
0.968000 8.773089
0.969000 8.843988
0.970000 8.917201
0.971000 8.992888
0.972000 9.071221
0.973000 9.152394
0.974000 9.236622
0.975000 9.324146
0.976000 9.415236
0.977000 9.510196
0.978000 9.609373
0.979000 9.713159
0.980000 9.822007
0.981000 9.936437
0.982000 10.057058
0.983000 10.184578
0.984000 10.319838
0.985000 10.463843
0.986000 10.617804
0.987000 10.783206
0.988000 10.961888
0.989000 11.156174
0.990000 11.369058
0.991000 11.604480
0.992000 11.867788
0.993000 12.166482
0.994000 12.511563
0.995000 12.920109
0.996000 13.420780
0.997000 14.067414
0.998000 14.981228
0.999000 16.550710
