1.980000 0.095000
1.969325 0.146569
1.967300 0.198102
1.906437 0.211603
1.874205 0.242503
1.962503 0.266697
1.977208 0.320274
1.980536 0.373346
1.982434 0.426746
2.267559 0.535769
2.361618 0.575477
2.288865 0.581513
2.186903 0.579825
1.656429 0.477417
1.645851 0.520646
1.844918 0.589344
2.052533 0.664218
2.090227 0.714153
2.107714 0.759560
2.114762 0.802589
2.139796 0.852742
2.311644 0.936370
2.248013 0.935498
2.203250 0.940748
2.158569 0.945283
2.161878 0.990479
2.034316 0.958516
2.037206 1.002023
2.012003 1.033213
1.977347 1.059417
2.067135 1.148258
2.146566 1.212432
2.135525 1.254496
2.132371 1.301438
2.145457 1.358770
2.216864 1.453496
2.052276 1.377405
2.037969 1.418473
2.072594 1.492982
2.538309 1.839531
2.540040 1.906793
2.540188 1.974640
2.538731 2.043036
2.535650 2.111948
1.751588 1.538898
1.692958 1.515561
1.728285 1.597375
2.538960 2.341282
2.536234 2.419030
2.509795 2.476707
2.445755 2.456838
1.704669 1.770173
1.838478 1.933478
2.327019 2.462991
2.264687 2.481482
2.264235 2.523094
2.248279 2.591967
2.246282 2.633960
1.350852 1.676644
1.735527 2.163320
1.680285 2.169980
1.637659 2.191108
1.028807 1.435767
1.703136 2.355139
2.468515 3.431006
2.480454 3.509052
2.526058 3.636402
2.518000 3.691077
2.520508 3.762361
2.521960 3.833959
2.516833 3.897519
2.516232 3.969658
2.514562 4.042072
1.510270 2.511937
1.468221 2.490919
1.141961 2.033666
1.395000 2.511211
1.372011 2.570174
1.394331 2.717354
1.740792 3.439031
1.734244 3.498645
1.749095 3.603142
2.511867 5.245090
2.509880 5.357072
2.510353 5.478468
0.991117 2.269807
0.785002 1.858143
0.964973 2.314285
2.473328 5.921796
1.480985 3.670414
1.460966 3.711017
2.429903 6.263668
2.375979 6.284638
1.698506 4.637860
1.682739 4.718288
2.306605 6.608653
2.246420 6.619078
2.195748 6.657400
2.490677 7.760515
2.447745 7.858255
1.713298 5.698946
1.573445 5.406861
1.433314 5.093561
1.459122 5.356422
1.407976 5.349637
1.372082 5.400449
1.335409 5.451032
1.293287 5.481929
1.243979 5.483266
1.192582 5.474391
1.081141 5.181367
1.082568 5.415991
1.011288 5.297624
1.022341 5.611060
1.059254 6.102327
1.069508 6.486131
1.054368 6.752019
1.049447 7.117013
0.912976 6.591158
0.920210 7.084686
0.853085 7.042823
0.766386 6.821481
0.736926 7.106379
0.647917 6.823878
0.586558 6.799390
0.528030 6.804254
0.459695 6.668947
0.402920 6.682690
0.345941 6.695941
0.289633 6.728680
0.241156 7.000791
0.181930 7.042618
0.122341 7.103932
0.061086 7.094733
0.000000 7.095000
-0.060911 7.074734
-0.121818 7.073937
-0.185856 7.192567
-0.286525 8.299998
-0.346774 8.037434
-0.417118 8.054077
-0.525017 8.678959
-0.599906 8.674050
-0.680240 8.738274
-1.098162 12.647053
-1.208615 12.646946
-1.319149 12.645866
-1.430889 12.653748
-1.540428 12.640782
-1.648546 12.616949
-2.011051 14.404373
-2.138802 14.406059
-2.266735 14.406604
-1.985523 11.960015
-2.064677 11.804363
-0.586798 3.261081
-0.602956 3.196942
-0.548262 2.789793
-0.571401 2.672421
-0.641110 2.871955
-0.696735 2.889452
-0.698560 2.796132
-0.732233 2.735348
-0.781042 2.731754
-0.832955 2.736796
-0.882107 2.731340
-0.953915 2.865369
-1.015800 2.885887
-1.015601 2.811349
-1.021349 2.755704
-1.000548 2.635040
-2.211910 5.435023
-2.211538 5.305058
-2.205082 5.166342
-2.212647 5.064687
-1.837091 4.126128
-1.910235 4.191511
-1.838282 3.949039
-1.788554 3.762080
-0.941477 1.983311
-0.951202 1.922242
-0.959089 1.861422
-0.965150 1.800897
-0.994023 1.749333
-1.001547 1.697811
-1.154635 1.872982
-1.010045 1.621011
-0.996875 1.545462
-1.062686 1.584831
-1.152059 1.680673
-1.052836 1.517827
-1.302749 1.792776
-1.342142 1.812863
-1.381983 1.832390
-1.371918 1.789178
-1.335764 1.715412
-1.350852 1.676644
-1.378250 1.652828
-1.411983 1.635910
-1.459312 1.632794
-1.410156 1.555260
-1.640128 1.764006
-2.192031 2.287031
-2.189679 2.246791
-2.183377 2.166947
-1.297608 1.284039
-1.241052 1.212448
-1.199988 1.138134
-1.141406 1.052754
-1.266748 1.120792
-1.502608 1.290228
-1.623302 1.363263
-2.165855 1.756919
-2.186491 1.712918
-2.189971 1.657091
-2.192176 1.601640
-1.751160 1.254068
-1.568314 1.113475
-1.645595 1.103422
-2.177205 1.403197
-2.182384 1.355000
-1.705508 1.040379
-1.695259 0.996385
-1.691426 0.938314
-1.685732 0.881070
-1.687390 0.828698
-1.678203 0.773038
-1.676643 0.721871
-1.673568 0.671256
-1.669005 0.621235
-1.672595 0.574609
-1.684577 0.530661
-1.685660 0.484165
-1.685470 0.437913
-1.684021 0.391938
-1.681327 0.346276
-1.687328 0.302178
-1.702127 0.258896
-1.695859 0.213586
-1.688391 0.168717
-1.689743 0.124495
-1.730000 0.095000
-1.730000 0.095000
