2.190000 0.095000
2.189667 0.133221
2.198660 0.171779
2.597525 0.208410
2.734889 0.262273
2.741523 0.310763
2.110240 0.298193
2.168058 0.322872
1.877851 0.308954
1.943232 0.350831
1.859350 0.372882
1.824628 0.400338
1.835643 0.451813
1.815911 0.497578
1.215462 0.386807
1.849162 0.573226
1.570718 0.530599
2.905224 0.955566
2.918374 1.015160
2.844971 1.046914
2.733660 1.063040
2.650782 1.086087
2.065527 0.908633
2.004818 0.925423
1.990020 0.960285
2.001915 1.007325
2.707756 1.386533
2.711651 1.446979
2.723123 1.512568
2.741909 1.583735
1.453494 0.917347
3.127714 1.937364
3.112136 2.002120
3.162718 2.109874
1.859565 1.325819
1.063123 0.825664
1.782913 1.366740
1.760447 1.397662
1.792979 1.470801
3.326085 2.740687
3.287328 2.757025
1.373492 1.227219
1.350930 1.269346
3.407748 3.109921
3.373878 3.132853
2.418270 2.310936
1.980272 1.974208
3.516325 3.550483
3.478966 3.573965
3.560619 3.718312
3.508024 3.727666
3.579444 3.866947
3.546391 3.898039
2.134865 2.424796
3.670915 4.244215
3.634567 4.276091
3.695359 4.421710
3.651033 4.446132
3.708336 4.593571
3.668938 4.625761
2.627012 3.397606
2.598091 3.420405
3.628218 4.823386
3.586818 4.854867
3.681953 5.070874
3.638391 5.102815
3.577130 5.109951
3.533231 5.140976
3.477734 5.155135
3.433444 5.185291
2.461639 3.814131
2.429090 3.835471
2.611276 4.193882
2.575408 4.216514
2.523668 4.213252
2.487634 4.235118
2.441259 4.239436
2.405000 4.260582
2.353785 4.255300
2.317390 4.275682
2.271276 4.278169
2.234684 4.297830
2.193306 4.308301
2.156455 4.327281
2.150673 4.408583
2.095414 4.391235
2.397947 5.122400
2.353984 5.143134
2.479866 5.536569
2.432285 5.558002
2.336669 5.468972
2.285777 5.479953
2.395598 5.878486
2.345037 5.899171
2.239322 5.779851
2.193212 5.808512
2.083734 5.668200
2.038440 5.695568
1.979475 5.684864
1.927364 5.692470
1.862578 5.661660
1.810840 5.668191
1.768150 5.702855
1.716222 5.708509
1.675691 5.752037
1.623504 5.756831
1.587396 5.818965
1.539973 5.842258
1.514799 5.952293
1.463627 5.965289
1.431020 6.055627
1.378950 6.067888
1.515077 6.929072
1.455382 6.942033
1.397569 6.964272
1.337571 6.976206
1.290228 7.056445
1.232902 7.087135
1.295624 7.837342
1.228011 7.848353
1.747107 11.785167
1.645026 11.799969
1.544125 11.823792
1.442933 11.846746
1.341458 11.868826
1.238662 11.880084
1.311170 13.712019
1.191419 13.712981
1.074890 13.752768
0.956361 13.771604
0.836975 13.779428
0.131887 2.611547
0.107740 2.562649
0.064657 2.564154
0.017540 2.104923
-0.034730 2.084697
-0.048689 1.954363
-0.091601 2.193001
-0.126981 2.171120
-0.156134 2.078866
-0.206966 2.064153
-0.258442 2.058061
-0.295619 2.073032
-0.336697 2.107023
-0.400918 2.258161
-0.438609 2.250834
-0.454523 2.145221
-0.499573 2.175872
-0.498256 2.021614
-0.521115 1.974079
-0.937251 3.259105
-0.962259 3.146894
-0.970952 2.996870
-1.004759 2.932351
-1.022606 2.830083
-1.040863 2.737386
-1.060033 2.654146
-1.072635 2.561892
-1.090643 2.488198
-1.028921 2.252179
-1.053027 2.207045
-0.881940 1.789191
-0.845049 1.684306
-1.159496 2.230525
-1.501892 2.749585
-1.542917 2.714353
-1.442096 2.448287
-1.396979 2.287818
-1.412959 2.229748
-1.450000 2.204763
-0.998809 1.495279
-1.498953 2.120719
-1.503641 2.054583
-1.014699 1.370651
-1.017725 1.329599
-1.043134 1.294988
-1.020435 1.248392
-0.986362 1.171425
-1.028094 1.159623
-1.069876 1.146364
-1.111658 1.131637
-1.151874 1.132152
-1.790004 1.678662
-1.140609 1.069172
-1.805601 1.583423
-1.815651 1.539234
-1.824713 1.495151
-1.816717 1.439299
-1.848042 1.413196
-1.854284 1.369414
-1.867904 1.331339
-1.872329 1.287805
-1.458015 0.988473
-1.257979 0.836006
-1.140166 0.740075
-1.037004 0.658047
-0.949102 0.589071
-0.921782 0.554584
-0.965766 0.555647
-1.017937 0.537611
-1.404930 0.648417
-1.751577 0.749888
-1.564785 0.649119
-1.545768 0.612207
-1.549214 0.568642
-1.551445 0.525254
-1.562176 0.484494
-1.562073 0.441303
-1.570603 0.400294
-1.578057 0.359076
-1.594332 0.319069
-1.599651 0.277257
-1.603873 0.235321
-1.606997 0.193288
-1.629007 0.151886
-1.649937 0.109399
-1.650000 0.095000
