5.970000 0.095000
5.929774 0.146748
5.949094 0.198842
5.798012 0.246826
5.786473 0.297068
5.934347 0.354099
5.921873 0.405352
5.918939 0.457018
5.915555 0.508656
5.991473 0.566539
5.977168 0.617934
6.071917 0.679659
6.066584 0.732624
6.160145 0.796860
6.143861 0.849371
7.862157 1.130073
7.842923 1.197251
8.436305 1.355814
8.385474 1.423129
7.614125 1.369167
7.622412 1.439037
7.797211 1.540128
7.745039 1.600483
11.612107 2.457510
11.591048 2.558753
11.598396 2.666303
11.565773 2.765169
11.561478 2.870665
11.536816 2.971451
13.253941 3.522702
11.484858 3.172358
2.437985 0.771113
2.480055 0.806144
2.377873 0.799358
1.907434 0.696412
1.773365 0.688360
1.998400 0.802670
1.985745 0.837440
1.860835 0.828002
1.891455 0.859197
1.877830 0.892092
1.863633 0.924743
1.830742 0.948689
1.859326 0.981853
1.843565 1.014167
1.942554 1.106230
1.924610 1.139978
1.836450 1.134014
1.818037 1.165906
1.688227 1.129547
1.644613 1.142734
2.843550 1.977105
2.736099 1.975469
2.629593 1.970671
2.508033 1.950847
2.403861 1.939547
2.293042 1.918968
2.191414 1.901462
2.091116 1.880982
2.007201 1.870822
1.275490 1.263771
1.045836 1.070258
1.682868 1.691983
1.619079 1.686064
1.577046 1.699813
2.133899 2.343661
2.033526 2.314205
1.981234 2.334378
1.714543 2.102472
1.780522 2.216943
1.634721 2.078075
1.550061 2.043694
1.527991 2.086317
1.481109 2.096604
0.981388 1.470855
1.066852 1.618623
0.883594 1.380637
0.838744 1.386553
0.730727 1.242012
0.747186 1.290748
0.725780 1.327130
0.693278 1.345706
0.660300 1.363425
0.651449 1.401604
0.645767 1.448878
0.945501 2.169712
0.715856 1.702840
0.905160 2.176726
0.550931 1.392912
0.872518 2.201445
0.828293 2.197744
0.784465 2.193146
0.741051 2.187664
0.688551 2.152862
0.652532 2.164566
0.616313 2.175639
0.574562 2.166805
0.533309 2.157154
0.354837 1.573002
0.377918 1.731942
0.290029 1.403237
0.231267 1.231713
0.228971 1.272953
0.187703 1.107753
0.161112 1.173027
0.141957 1.105073
0.152716 1.254990
0.119162 1.228755
0.138018 1.528370
0.134220 1.629140
0.110627 1.500653
0.073794 1.503068
0.077206 1.863315
0.039789 1.614479
0.029146 1.764746
0.013264 1.614942
-0.026353 1.604770
-0.064993 1.583582
-0.103937 1.581370
-0.142810 1.578140
-0.182804 1.583819
-0.220236 1.568634
-0.258736 1.562364
-0.297058 1.555088
-0.337427 1.556555
-0.375570 1.547221
-0.413456 1.536893
-0.454066 1.535113
-0.491608 1.522733
-0.535817 1.528108
-0.573148 1.513591
-0.618061 1.516443
-0.659284 1.508840
-0.704993 1.508996
-0.741765 1.490057
-0.797726 1.504976
-0.834362 1.483611
-0.881171 1.478162
-1.136990 1.812805
-1.166797 1.792700
-1.202055 1.780219
-1.243180 1.775061
-0.955755 1.340565
-1.021998 1.403098
-0.921322 1.253260
-1.386651 1.777142
-1.428786 1.767893
-1.457764 1.742703
-1.251274 1.484681
-1.520078 1.753874
-1.569448 1.748854
-1.626109 1.749741
-1.676139 1.742137
-1.196868 1.230785
-1.776838 1.723172
-1.834942 1.718419
-1.870599 1.692642
-1.867331 1.634309
-1.862607 1.576585
-1.848513 1.513414
-1.840832 1.457144
-1.831760 1.401582
-1.829560 1.352422
-1.817871 1.298223
-1.703651 1.180345
-1.799071 1.197472
-1.792189 1.150680
-1.784229 1.104468
-1.845516 1.097033
-1.915943 1.092377
-1.986754 1.085559
-2.057894 1.076565
-2.129309 1.065382
-2.200944 1.051998
-3.187384 1.415258
-3.182028 1.348434
-2.603949 1.068576
-2.649933 1.059497
-2.347177 0.926179
-2.392162 0.918687
-2.332876 0.875569
-3.156803 1.090336
-2.981929 0.978288
-3.162551 1.001847
-2.698165 0.843267
-2.768902 0.811087
-2.528162 0.701958
-2.582081 0.691120
-2.821495 0.720510
-2.802585 0.665192
-2.792444 0.612549
-2.781325 0.560434
-2.146164 0.415746
-2.131606 0.375631
-2.136179 0.338387
-2.140102 0.301068
-2.233095 0.270748
-2.734889 0.262273
-2.727402 0.214081
-2.719068 0.166201
-1.979925 0.112279
-1.980000 0.095000
