2.420000 0.095000
2.419631 0.137235
2.418526 0.179457
1.008616 0.147859
2.414105 0.263811
2.410791 0.305917
2.406743 0.347959
1.609586 0.278389
1.568223 0.287554
1.532974 0.324105
1.546148 0.367628
2.410615 0.585445
2.401688 0.627441
2.275346 0.641262
2.183165 0.639324
2.129925 0.645836
2.119987 0.682924
2.118992 0.722674
1.545021 0.582143
1.455116 0.567796
1.403519 0.564611
1.178302 0.512259
1.080647 0.488323
0.852372 0.413689
0.874480 0.466195
1.329737 0.673186
1.397725 0.717307
2.092911 1.048794
2.093998 1.093786
2.094146 1.139103
2.155436 1.217049
2.372806 1.383329
2.376071 1.439316
2.369480 1.490731
2.370340 1.547546
2.353062 1.594066
2.326541 1.634904
2.246692 1.610413
1.541116 1.154180
1.520952 1.200036
1.551444 1.243008
1.985787 1.646467
2.347825 1.962544
2.345739 2.028678
2.334446 2.088805
2.329252 2.155748
2.329796 2.229865
2.328452 2.304618
2.330661 2.345693
1.226791 1.300564
1.226591 1.343188
1.257332 1.397005
2.298334 2.559662
2.254970 2.599398
2.210919 2.638371
2.166194 2.676570
2.120810 2.713982
2.074779 2.750596
1.247961 1.721374
1.296714 1.847408
2.270549 3.278192
2.265627 3.330650
2.259961 3.383264
2.259139 3.444312
2.257422 3.505593
2.254806 3.567096
2.251285 3.628810
2.246858 3.690724
2.241519 3.752826
2.235265 3.815106
2.233169 3.886168
2.230000 3.957473
2.225754 4.029008
1.488366 2.780082
1.469446 2.858626
1.459126 2.897954
2.179154 4.371831
2.190831 4.489128
2.117333 4.436175
2.087979 4.472538
2.058151 4.508719
2.007115 4.499212
1.976740 4.534831
2.025645 4.753665
1.984914 4.771164
1.936378 4.769830
1.891763 4.777278
1.839836 4.765696
1.175447 3.157144
1.313278 3.607521
1.248438 3.620479
1.177200 3.613281
1.100583 3.585604
1.042336 3.613868
0.908610 3.371343
0.936925 3.591651
0.875757 3.607471
0.809824 3.602732
0.787840 3.648717
0.783827 3.782616
0.717725 3.622729
0.776593 4.090222
0.770856 4.254169
0.764052 4.428154
0.759219 4.631914
0.754014 4.855658
0.710963 4.852166
0.775194 5.610793
0.593894 4.606074
0.678812 5.623482
0.581864 5.201959
0.531005 5.147171
0.441849 4.683776
0.431421 5.026164
0.383665 4.969925
0.337621 4.923210
0.279602 4.666457
0.247549 4.818518
0.204575 4.780536
0.161934 4.732173
0.120676 4.703420
0.080630 4.714296
0.040229 4.704824
0.000000 4.725000
-0.040491 4.734823
-0.081503 4.764289
-0.122770 4.783393
-0.165424 4.832112
-0.208501 4.870450
-0.252259 4.908394
-0.296696 4.945935
-0.341807 4.983064
-0.387588 5.019772
-0.434907 5.066011
-0.482104 5.101842
-0.557137 5.395802
-0.663371 5.917331
-0.714154 5.911320
-0.768799 5.934610
-0.829472 5.996998
-0.977020 6.632394
-1.048111 6.712512
-1.130576 6.851056
-1.859772 10.642291
-1.953565 10.635492
-2.049289 10.637675
-2.141212 10.619391
-2.232971 10.600305
-2.326726 10.590182
-2.832134 12.362319
-2.941411 12.346861
-3.057893 12.359537
-2.548868 9.950743
-2.595955 9.783236
-2.661694 9.692760
-2.737079 9.640328
-2.817432 9.606492
-2.906175 9.600669
-3.001044 9.613094
-3.111801 9.672139
-3.411025 10.289479
-3.535670 10.363332
-3.635156 10.360365
-3.734860 10.356443
-2.496979 6.773472
-2.512159 6.639399
-2.572839 6.626531
-2.640976 6.631646
-1.710595 4.224741
-1.730939 4.172836
-1.579046 3.726558
-1.565936 3.612150
-1.555100 3.507355
-1.546783 3.412086
-1.545535 3.335281
-1.538683 3.249767
-1.539382 3.182523
-1.539028 3.115512
-0.697240 1.434386
-1.565081 2.977520
-0.741759 1.433168
-1.570831 2.871434
-0.745000 1.385378
-0.747173 1.314275
-0.767941 1.277525
-0.883594 1.380637
-0.848893 1.307345
-0.840533 1.251894
-0.836523 1.205103
-0.824986 1.150934
-0.809269 1.112391
-0.844282 1.083528
-0.662439 0.830713
-0.715498 0.835920
-0.740920 0.810498
-0.834181 0.886608
-0.691125 0.717291
-0.717611 0.686553
-0.862632 0.793546
-0.906212 0.803011
-0.978911 0.806220
-1.028007 0.788399
-1.107045 0.813923
-1.189182 0.852592
-1.136384 0.805092
-1.176643 0.816048
-1.148604 0.785151
-1.255737 0.820000
-1.888672 1.163559
-1.880669 1.116120
-1.880463 1.073907
-1.324503 0.755373
-1.132481 0.647348
-1.254593 0.693410
-1.146551 0.617513
-1.877830 0.892092
-1.891455 0.859197
-1.885832 0.818903
-1.700844 0.714056
-1.716466 0.669321
-2.320578 0.849001
-1.702222 0.615422
-1.695990 0.565340
-2.067081 0.648873
-2.129925 0.645836
-2.071148 0.592239
-2.079510 0.556016
-2.112799 0.544089
-2.071233 0.497607
-2.048400 0.456188
-2.130377 0.451503
-2.136274 0.414268
-2.131606 0.375631
-2.136179 0.338387
-1.998989 0.305102
-2.032237 0.272798
-2.064958 0.239396
-2.296848 0.215373
-2.298599 0.175269
-2.289651 0.134966
-2.290000 0.095000
-2.290000 0.095000
