2.750000 0.095000
2.759580 0.143169
2.659088 0.164631
2.747383 0.214953
2.676327 0.235260
2.773228 0.288923
2.012313 0.271055
1.970884 0.284775
2.215665 0.347443
1.955316 0.335083
2.818695 0.516257
2.830640 0.568687
2.851439 0.623483
2.851581 0.675161
2.860547 0.729168
2.878215 0.785998
2.875399 0.838629
2.890891 0.896715
2.895636 0.952726
2.908837 1.012153
2.911354 1.069125
1.749209 0.697301
2.922189 1.129801
2.941151 1.194651
2.949424 1.256809
1.358103 0.657545
2.954821 1.349247
2.971275 1.386947
2.948275 1.438606
2.987557 1.519992
2.031501 1.107869
1.951424 1.110847
1.889457 1.120891
1.819043 1.124165
1.732051 1.095000
1.766340 1.135454
1.722333 1.150447
1.678349 1.164226
1.617738 1.165758
1.565840 1.171172
1.514255 1.175107
1.477476 1.208358
1.356634 1.135982
1.473580 1.246287
1.473803 1.309909
1.482792 1.361424
1.497911 1.420240
1.504046 1.473204
1.501525 1.519894
1.519223 1.587937
1.534422 1.629422
1.542142 1.691934
1.562565 1.741600
1.567369 1.805483
1.570409 1.870025
1.581102 1.913850
1.591148 1.957995
1.602917 2.039494
1.612313 2.121955
1.619190 2.167468
1.631481 2.221187
1.642955 2.275275
1.647659 2.321683
1.663432 2.384518
1.509828 2.211700
1.462620 2.183838
1.619922 2.452001
1.621659 2.499209
2.020089 3.147022
1.950397 3.156511
1.880995 3.164505
1.462708 2.529355
1.324675 2.343852
1.515000 2.719057
1.388634 2.549403
1.468973 2.745098
1.412390 2.696299
1.366162 2.664377
1.315984 2.622981
1.134976 2.322516
1.173500 2.448677
1.201137 2.557696
1.149522 2.560157
1.065762 2.433600
1.029044 2.406270
0.984642 2.414672
0.936516 2.412960
0.899504 2.438287
0.917543 2.549081
0.887926 2.602426
0.837684 2.598574
0.790856 2.603276
0.746960 2.616696
0.713526 2.667893
0.676026 2.708999
0.637306 2.749570
0.601702 2.809103
0.562218 2.858388
0.521194 2.907109
0.480289 2.965091
0.552214 3.581540
0.567588 3.892821
0.544167 3.966948
0.488696 4.075110
0.421250 4.102923
0.407344 4.325434
0.331192 3.880540
0.321682 4.182361
0.316694 4.623941
0.277160 4.626532
0.239699 4.668723
0.372073 8.616881
0.298042 8.629798
0.223289 8.622077
0.149393 8.653696
0.074699 8.654674
0.000000 8.675000
-0.074786 8.664674
-0.149742 8.673693
-0.272240 10.491436
-0.363653 10.508653
-0.454950 10.515072
-0.546911 10.530679
-0.634905 10.475601
-0.558749 8.085488
-0.617473 7.940739
-0.681558 7.885242
-0.747597 7.859090
-0.813231 7.832380
-0.879589 7.815053
-0.949362 7.826934
-1.019410 7.838184
-1.091117 7.858701
-1.169172 7.918115
-1.298406 8.292813
-1.440866 8.705273
-1.519422 8.712068
-1.598205 8.718145
-1.679119 8.733319
-1.758425 8.737936
-1.842098 8.761388
-1.921984 8.764508
-1.129254 4.986338
-1.167227 4.956850
-1.185417 4.849449
-1.229366 4.848605
-1.278566 4.866673
-1.314813 4.836062
-1.331328 4.737894
-1.343393 4.630218
-1.362452 4.551380
-1.374225 4.453486
-1.387486 4.365243
-1.402487 4.286591
-1.416221 4.208006
-1.422017 4.110652
-1.436485 4.041709
-1.190705 3.279685
-1.447806 3.866665
-1.462340 3.807366
-0.891564 2.301697
-0.922125 2.267391
-1.049381 2.451947
-1.103034 2.460463
-1.149465 2.504903
-0.955649 2.054371
-0.843314 1.786426
-0.845000 1.718230
-0.858886 1.676871
-0.866665 1.626826
-0.872966 1.577002
-0.877798 1.527435
-0.875798 1.469728
-0.883099 1.429217
-0.889258 1.388878
-0.894283 1.348738
-0.902723 1.292953
-0.902646 1.229782
-0.932042 1.205764
-0.954173 1.173496
-1.010387 1.217149
-1.060066 1.212077
-1.000308 1.130849
-0.981273 1.093551
-0.992689 1.053629
-1.002697 1.013803
-1.011311 0.974119
-1.010828 0.928262
-1.063093 0.910740
-1.109322 0.915855
-1.164185 0.925405
-1.204153 0.938157
-1.268427 0.950565
-1.325099 0.955530
-1.390799 0.964068
-1.465756 0.975715
-1.636788 1.040000
-1.845154 1.138938
-1.863092 1.106577
-1.862723 1.064672
-1.870413 1.027553
-1.886403 0.994768
-1.883620 0.953415
-1.889144 0.916423
-1.903192 0.883328
-1.907356 0.846327
-1.901445 0.805921
-1.913562 0.772628
-1.915614 0.735955
-1.931736 0.685591
-1.451505 0.511212
-1.349083 0.469134
-1.358414 0.433691
-1.714891 0.490914
-1.936732 0.506665
-1.518883 0.404020
-1.354645 0.358316
-1.361074 0.322766
-1.540794 0.339038
-1.631876 0.338886
-1.960731 0.370563
-1.967272 0.319142
-1.972465 0.267568
-1.986288 0.216487
-1.988788 0.164450
-2.009923 0.112540
-1.820000 0.095000
-1.820000 0.095000
