21635.184090 121.319673 793.369357 4.448833 27.270002
21476.928998 279.574765 754.569250 9.822565 28.462502
21334.339546 422.164217 704.976055 13.950076 30.262502
21217.746553 538.757223 653.960390 16.605245 32.445003
21122.067377 634.436388 636.015227 19.103774 33.210003
21051.955206 704.548559 621.689289 20.806157 33.862503
21002.478687 754.025098 614.107515 22.047516 34.200003
20954.182224 802.321546 604.345823 23.139995 34.672503
20922.948550 833.555205 598.396879 23.839701 34.965003
20906.925078 849.578676 590.340913 23.989231 35.415003
20892.406995 864.096759 588.062918 24.321911 35.527503
20881.486648 875.017105 555.395571 23.273277 37.597503
20862.944845 893.558907 552.587556 23.667298 37.755003
20844.767904 911.735849 543.681957 23.780276 38.340003
20821.726002 934.777750 515.548730 23.145223 40.387503
20781.929702 974.574050 478.570594 22.442694 43.425003
20742.875611 1013.628140 454.812782 22.225030 45.607504
20697.857731 1058.646020 448.515219 22.940483 46.147504
20666.635043 1089.868708 446.749533 23.559633 46.260004
20638.307641 1118.196107 444.407967 24.078295 46.440004
20616.099354 1140.404394 442.856940 24.497166 46.552504
20602.685551 1153.818197 442.782805 24.797294 46.530004
20592.500727 1164.003019 441.709547 24.967888 46.620004
20584.657506 1171.846237 440.478380 25.075614 46.732504
20573.498256 1183.005485 438.760858 25.229375 46.890004
20568.550529 1187.953212 438.655340 25.334893 46.890004
20560.762179 1195.741561 436.395215 25.379210 47.115004
20550.526921 1205.976818 432.870464 25.402353 47.475004
20548.875116 1207.628623 432.016682 25.389016 47.565004
20539.695793 1216.807945 430.398537 25.497571 47.722504
20528.952236 1227.551502 429.565821 25.686365 47.790004
20524.060870 1232.442867 429.261370 25.776581 47.812504
20516.796440 1239.707298 428.705946 25.904136 47.857504
20513.081169 1243.422568 428.628314 25.981768 47.857504
20507.679658 1248.824079 426.909769 25.996856 48.037504
20506.266126 1250.237611 425.485310 25.941229 48.195004
20499.525684 1256.978053 424.552637 26.032473 48.285004
20492.821224 1263.682513 422.641291 26.062024 48.487504
20485.261413 1271.242324 421.702636 26.169363 48.577504
20478.867573 1277.636164 420.986041 26.264489 48.645004
20473.198274 1283.305464 420.092267 26.332315 48.735004
20466.751245 1289.752491 417.837996 26.330881 48.982504
20463.903892 1292.599844 416.440828 26.304431 49.140004
20455.559927 1300.943810 413.055849 26.269750 49.522504
20447.073765 1309.429971 411.017079 26.321521 49.747504
20439.372968 1317.130768 407.910419 26.286098 50.107504
20430.422654 1326.081082 405.184611 26.299390 50.422504
20418.561392 1337.942345 400.305049 26.230304 51.007504
20400.907912 1355.595824 393.194686 26.126929 51.885004
20384.469148 1372.034588 384.376892 25.871578 53.032504
20365.045344 1391.458392 379.661516 25.940684 53.640004
20344.491107 1412.012629 371.945509 25.814937 54.697504
20321.962824 1434.540913 359.839951 25.401342 56.475004
20267.367606 1489.136130 316.171226 23.230545 64.102505
34642.932390 1508.852032 530.743110 23.116196 65.272505
34509.501558 1642.282864 409.656919 19.495284 84.240007
87956.682601 1686.656187 963.328138 18.472768 91.305007
141425.516758 1872.959130 1149.941095 15.229166 122.985010
156284.495982 2063.591532 1090.591466 14.400247 143.302511
156115.223301 2232.864216 1085.320478 15.522979 143.842511
155952.209533 2395.877985 1065.356404 16.366962 146.385012
155811.351835 2536.735689 1030.344952 16.774855 151.222512
155674.211064 2673.876459 1001.426151 17.200600 155.452512
155567.198945 2780.888575 985.897217 17.623704 157.792513
155481.866626 2866.220905 982.275001 18.107688 158.287513
155408.879980 2939.207550 977.229879 18.482093 159.030013
155345.029170 3003.058342 972.562751 18.801134 159.727513
155299.872180 3048.215325 965.479926 18.950374 160.852513
155259.163613 3088.923886 956.795164 19.035704 162.270013
155224.381203 3123.706291 950.911211 19.135959 163.237513
155197.779321 3150.308173 945.794396 19.198366 164.092513
155160.821097 3187.266397 939.002716 19.288708 165.240013
155122.570393 3225.517100 931.163684 19.362008 166.590013
155083.759816 3264.327676 926.052801 19.492304 167.467513
155045.699696 3302.387796 918.544313 19.564487 168.795013
155011.332903 3336.754588 912.139815 19.634608 169.942514
154979.403550 3368.683940 906.192994 19.697313 171.022514
154945.246948 3402.840540 900.778924 19.782517 172.012514
154911.183246 3436.904243 890.562790 19.758283 173.947514
154877.037467 3471.050021 885.327761 19.841656 174.937514
154837.059526 3511.027960 879.106610 19.934297 176.130014
154805.046271 3543.041215 871.024653 19.935243 177.727514
154775.010465 3573.077020 869.205055 20.066137 178.065014
154738.734905 3609.352579 861.382335 20.092141 179.640014
154707.349834 3640.737650 856.914465 20.165821 180.540014
154680.824839 3667.262643 851.672792 20.191952 181.620014
154658.485380 3689.602101 849.340160 20.262239 182.092514
154640.603547 3707.483933 846.209698 20.287743 182.745015
154617.122742 3730.964737 844.002896 20.366082 183.195015
154596.390513 3751.696966 841.615647 20.424066 183.690015
154576.808158 3771.279320 836.692220 20.413153 184.747515
154555.271200 3792.816277 830.607330 20.383265 186.075015
154532.315634 3815.771843 825.890136 20.393199 187.110015
154511.892632 3836.194845 823.898582 20.455613 187.537515
154492.614148 3855.473328 821.528818 20.501837 188.055015
