7.320963 3.067239 0.300000
6.946591 3.050525 0.300000
6.665731 3.063982 0.300000
6.386558 3.068598 0.300000
6.109294 3.064436 0.300000
4.244853 2.206517 0.300000
3.899596 2.108922 0.300000
3.775608 2.125000 0.300000
3.609386 2.111656 0.300000
3.487192 2.119677 0.300000
3.407749 2.151324 0.300000
3.328247 2.180852 0.300000
3.248735 2.208269 0.300000
3.209716 2.262973 0.300000
3.169747 2.316988 0.300000
3.128841 2.370297 0.300000
3.087012 2.422884 0.300000
3.044271 2.474732 0.300000
3.000632 2.525827 0.300000
2.993265 2.609610 0.300000
3.020415 2.727993 0.300000
3.260095 3.056497 0.300000
3.170914 3.075914 0.300000
3.047298 3.057194 0.300000
2.959393 3.071686 0.300000
2.871892 3.084051 0.300000
2.752039 3.056574 0.300000
2.666150 3.064178 0.300000
2.580816 3.069727 0.300000
2.496080 3.073242 0.300000
2.411988 3.074747 0.300000
2.328584 3.074265 0.300000
2.245912 3.071820 0.300000
2.164014 3.067439 0.300000
2.082932 3.061148 0.300000
2.002709 3.052973 0.300000
1.949137 3.085803 0.300000
1.870000 3.074390 0.300000
1.791834 3.061169 0.300000
1.738150 3.090317 0.300000
1.661267 3.073973 0.300000
1.585462 3.055900 0.300000
1.531902 3.081447 0.300000
1.457568 3.060377 0.300000
1.403949 3.083691 0.300000
1.331202 3.059707 0.300000
1.277614 3.080815 0.300000
1.206565 3.054001 0.300000
1.153096 3.072935 0.300000
1.099305 3.090934 0.300000
1.030589 3.060175 0.300000
0.977039 3.076037 0.300000
0.923221 3.090963 0.300000
0.857054 3.056432 0.300000
0.803596 3.069266 0.300000
0.749922 3.081165 0.300000
0.696048 3.092126 0.300000
0.633309 3.052904 0.300000
0.579947 3.061834 0.300000
0.526437 3.069831 0.300000
0.472795 3.076893 0.300000
0.419038 3.083018 0.300000
0.365183 3.088204 0.300000
0.311245 3.092449 0.300000
0.257241 3.095752 0.300000
0.203188 3.098112 0.300000
0.149102 3.099528 0.300000
0.149102 3.099528 0.300000
7.309959 1.402446 0.300000
6.990941 1.465778 0.300000
6.671998 1.518420 0.300000
6.401922 1.572492 0.300000
3.958703 1.035276 0.300000
3.795858 1.061204 0.300000
3.681143 1.096394 0.300000
3.518804 1.112461 0.300000
3.404315 1.139489 0.300000
3.383924 1.197070 0.300000
3.269174 1.218451 0.300000
3.247425 1.273662 0.300000
3.178691 1.308949 0.300000
3.155377 1.362568 0.300000
3.131131 1.415771 0.300000
3.061020 1.446625 0.300000
3.079872 1.520868 0.300000
3.052875 1.572730 0.300000
3.068707 1.648353 0.300000
3.039486 1.700000 0.300000
3.009369 1.751130 0.300000
3.105571 1.881213 0.300000
3.365815 2.124092 0.300000
3.245343 2.124933 0.300000
3.166820 2.150912 0.300000
3.088363 2.174805 0.300000
3.010020 2.196625 0.300000
2.892438 2.185598 0.300000
2.815011 2.202621 0.300000
2.737853 2.217617 0.300000
2.661013 2.230601 0.300000
2.584535 2.241588 0.300000
2.508467 2.250595 0.300000
2.468821 2.292373 0.300000
2.393097 2.298097 0.300000
2.317907 2.301888 0.300000
2.243295 2.303764 0.300000
2.202761 2.340906 0.300000
2.128783 2.339600 0.300000
2.055502 2.336436 0.300000
2.014427 2.370295 0.300000
1.941984 2.364032 0.300000
1.900445 2.395907 0.300000
1.828966 2.386600 0.300000
1.787050 2.416499 0.300000
1.716659 2.404209 0.300000
1.674453 2.432145 0.300000
1.605270 2.416937 0.300000
1.520000 2.468173 0.300000
1.452467 2.448935 0.300000
1.366173 2.494818 0.300000
1.300521 2.471684 0.300000
1.213526 2.512250 0.300000
1.106438 2.503397 0.300000
1.018454 2.537170 0.300000
0.929346 2.567853 0.300000
0.825439 2.547344 0.300000
0.736093 2.571284 0.300000
0.645966 2.592091 0.300000
0.555168 2.609741 0.300000
0.463809 2.624211 0.300000
0.372000 2.635483 0.300000
0.279855 2.643545 0.300000
0.236307 2.696300 0.300000
0.142121 2.699589 0.300000
0.142121 2.699589 0.300000
