% Columns are: x(m) y(m) z(m) yaw(rad) pitch(rad) roll(rad)
% File generated with MRPT MRPT 0.9.0 at 2010/06/01,20:10:49.428612
%-----------------------------------------------------------------
0.0000000000000000 0.0000000000000000 0.0000000000000000 0.0000000000000000 0.0000000000000000 0.0000000000000000
0.0000000000000000 0.0000000000000000 0.0000000000000000 0.0000000000000000 0.0000000000000000 0.0000000000000000
0.0000000000000000 0.0000000000000000 0.0000000000000000 0.0000000000000000 0.0000000000000000 0.0000000000000000
0.0000000000000000 0.0000000000000000 0.0000000000000000 0.0000000000000000 0.0000000000000000 0.0000000000000000
0.0000000000000000 0.0000000000000000 0.0000000000000000 0.0000000000000000 0.0000000000000000 0.0000000000000000
0.1997259069356636 0.0104671915395987 0.0000000000000000 0.0463475966737472 -0.0230643251673177 0.0401664977466489
0.3986900252542864 0.0301653011799671 0.0050263404469926 0.0980966731512987 -0.0287968881469456 0.1389187598217752
0.5963165100748018 0.0600306593086316 0.0122258460781623 0.1483039772595181 -0.0471058336777528 0.1885006021834474
0.7920203369080464 0.0996648802897772 0.0235898546156961 0.1971553112633817 -0.0725863999625465 0.1942779142421625
0.9852059090375049 0.1487268922993121 0.0400899666938010 0.2559618405782249 -0.0889339022927715 0.2413500806259812
1.1748729915613449 0.2088692890233640 0.0603208817294979 0.3119262961164235 -0.0751855375803894 0.3297960153838218
1.3611424175257085 0.2793375918829676 0.0787034616081132 0.3455992691643481 -0.1369558051655928 0.3193968869645909
1.5435107146738987 0.3555615152926553 0.1092275127039860 0.3934336891698504 -0.1608017424588346 0.3147728165920252
1.7213026535163678 0.4401346381186087 0.1444043996910673 0.4320579821381241 -0.2265133941795758 0.3880093603223447
1.8931769548096484 0.5300578968342703 0.1931181769712451 0.4640912161472603 -0.2786190478287187 0.3287487453737996
2.0596246231797677 0.6244524697886371 0.2512975400728943 0.5257891288148819 -0.2551728489848166 0.3744999137304976
2.2210542658914600 0.7293890024996889 0.3054158785226080 0.5642102067337405 -0.2944422424520892 0.3019243910899814
2.3764543100478788 0.8395575708867427 0.3663561182311138 0.6143033528402100 -0.3043057424404774 0.2814933793762848
2.5256589942880430 0.9571030095944094 0.4289742628843611 0.6778052188798727 -0.2726647382129617 0.2713778997499974
2.6685759781817082 1.0851023492549092 0.4854623568618867 0.7371668101318480 -0.2687058379228327 0.3075764345302519
2.8038132321474296 1.2213594725776895 0.5415415997563089 0.7917155192215906 -0.2980299053389839 0.2744957889298330
2.9302049094978120 1.3636977749827170 0.6029008009001611 0.8241446520857232 -0.3838433374219901 0.2407479883691979
3.0478889646390268 1.5058409924245484 0.6800096129828519 0.8922480472530081 -0.3639139783948160 0.1676553574074862
3.1566153585914498 1.6571358488930354 0.7527312580706962 0.9437917546322758 -0.4080823443855737 0.1440962940904984
3.2554378495308756 1.8111850930425779 0.8333721017014633 0.9964684163924051 -0.4339254241194186 0.2332100535420887
3.3447846230645664 1.9680049094823762 0.9195387961425717 1.0601559912799843 -0.4084336537319042 0.2517043472652452
3.4250184036604532 2.1319704457473727 1.0012568686150869 1.1158553351962421 -0.4278724359199915 0.3098498252955051
3.4953314850688399 2.2983985572986594 1.0870342215022561 1.1636247359903891 -0.4602755115509472 0.2164056435637858
3.5564117518218565 2.4658414175903549 1.1777650847777483 1.2274800418705061 -0.4421594842196086 0.1332179143733194
3.6072070129774145 2.6387572095013883 1.2644828473867951 1.2844105397296701 -0.4531474583680062 0.1354195028320122
3.6478090199219890 2.8133481905814852 1.3531928601111884 1.3317112145559040 -0.5168683170552155 0.0942942130195954
3.6786888034498069 2.9840396400333637 1.4527462028641667 1.3911730887995475 -0.5608721056018582 0.2173817336985504
3.6986337574985146 3.1510893354206697 1.5608970145994621 1.4630958344034521 -0.5233564493539018 0.0631143865957959
3.7068077813195592 3.3238737653678561 1.6612898734211874 1.5186948023483948 -0.5306956291341902 0.0768881005182327
3.7053351535938126 3.4960317817807325 1.7630712506587016 1.5799879829314225 -0.5662517761930785 0.0578778392830093
3.6933396636023326 3.6641560350268967 1.8707297091758288 1.6387623273997498 -0.5635737374247345 0.0849083453165731
3.6715000158455862 3.8314233723236857 1.9781758243196694 1.7005150016761164 -0.5248072986501096 0.0655153513504634
3.6388288055061020 4.0011265163336294 2.0788407880761497 1.7598753031643763 -0.5419675713623526 0.0646773438971131
3.5964754526121299 4.1668753405539718 2.1824434944510935 1.8160147729172316 -0.5156361764826176 0.0339684546473178
3.5441870306085099 4.3327249777179917 2.2812352895402315 1.8755057157382691 -0.5361165212617389 0.1136766268020466
3.4829344379955596 4.4928208181481875 2.3842762608824173 1.9341554918219668 -0.5778038763467075 0.1483478838234773
3.4140961961595275 4.6447313447835796 2.4946596308177558 2.0009601363719751 -0.5925316413708432 0.0549821095560343
3.3356397198647953 4.7906657404614821 2.6066762969239181 2.0601226011203906 -0.5440819158429395 0.0782798877494568
3.2463064976241647 4.9362194562790638 2.7107613160947897 2.1136511184087468 -0.5961898344471881 -0.1025625711962088
3.1517050777038231 5.0728657691030170 2.8220193789067651 2.1735403744785886 -0.5791330352037618 -0.1389657975699667
3.0479528746746927 5.2053447777139361 2.9301155982859379 2.2369543715692153 -0.5695896073301823 -0.1059723741575951
2.9354621089968314 5.3316162075738989 3.0368927196103535 2.2944176950198614 -0.5233130676813627 -0.0963714974404639
2.8127796865230645 5.4547408312891417 3.1358338649996611 2.3614205430546953 -0.5098772041935678 -0.0810312663917667
2.6812407559937390 5.5702342717578173 3.2325746266459792 2.4187337727145017 -0.4889929241083526 -0.0536991776884488
2.5419035165946027 5.6792113725332198 3.3258973206877585 2.4856187318171248 -0.4661993503181892 -0.0741322963061508
2.3938774601802266 5.7799708577209321 3.4149804996112514 2.5526324066247721 -0.4572691294843856 -0.0741952841219731
2.2387806703125994 5.8710299857324575 3.5024631892048945 2.6124818718983169 -0.4593267798933636 -0.1163235086406629
2.0785238884699120 5.9526925350327415 3.5899217046005036 2.6708382045307255 -0.4269454287027732 -0.1471774475380876
1.9112385334169586 6.0262088918588645 3.6712294856784640 2.7271321483301856 -0.4119745318393062 -0.2203310598552872
1.7387668655941777 6.0909279458484251 3.7491073891500180 2.7902185151789212 -0.4028187899794196 -0.0826756997351383
1.5623449434193626 6.1444915740368895 3.8266073447076270 2.8501974379355843 -0.4156727203828181 -0.2252864502234848
1.3834938920501640 6.1874831635520930 3.9051186474295188 2.9149242514703655 -0.4352089132189168 -0.2764241198210575
1.2035820979789476 6.2186423784002018 3.9867326761508459 2.9825886255074092 -0.4557840791749630 -0.3134582164498734
1.0235279203322627 6.2374310894007117 4.0717472481424482 3.0470537366041750 -0.4598260453432399 -0.4505852298631372
0.8424434268761587 6.2451370560199608 4.1562991511855447 3.1025124318883952 -0.4453235711468953 -0.4737466802297679
0.6599148066240723 6.2429524417053015 4.2380214262956137 3.1220503646341928 -0.3705056733807584 -0.4260743026207936
0.4720246047529250 6.2370915186079303 4.3063070149748235 -3.1066771546354488 -0.3590203486585515 -0.5098689284642424
0.2836719464093295 6.2213709926785450 4.3716992252097153 -3.0860253051482553 -0.2822612272145006 -0.6525969335886490
0.0908398715332827 6.2023156446912600 4.4212238111452100 -3.0350889199235840 -0.2567881282756508 -0.6171641223114031
-0.1018649366487514 6.1731290306817890 4.4660902626004741 -2.9643925456200542 -0.2530622195791974 -0.6548468224820900
-0.2923094214149541 6.1305905102095206 4.5099237258239757 -2.9634249504463837 -0.1728393158801245 -0.7310318635514843
-0.4857467131671721 6.0878388485909545 4.5373884229535451 -2.9565784092042882 -0.1034660105481358 -0.6597433958583716
-0.6801439721416235 6.0430422632593324 4.5516352347318598 -2.8928089820148672 -0.0981109296585689 -0.6424704288038643
-0.8713219266768884 5.9858277142383942 4.5649575873785553 -2.8415548736037355 -0.0776119364476209 -0.5545425429653825
-1.0593289757714481 5.9183478108471004 4.5749481894153456 -2.8093200989178269 -0.0243357335360548 -0.5584708987701115
-1.2453066855213348 5.8447827206501586 4.5742633679037725 -2.7660929391637956 -0.0023414248884808 -0.5011692398444274
-1.4277603980479054 5.7629912959722613 4.5697020485298037 -2.7632333734530885 0.0970989077710027 -0.5494041170215764
-1.6086959030220396 5.6814611263458072 4.5448993373788706 -2.7212286627640681 0.1379693917225904 -0.6375567614751398
-1.7850863376145700 5.5933999610782026 4.5112593945137309 -2.6999310061696886 0.1926616787555071 -0.6362239001554446
-1.9576310803904142 5.5025058557625837 4.4669133308858164 -2.6690905970678465 0.2501961353059832 -0.5451269708564306
-2.1246662582628373 5.4070798411755527 4.4122038701576782 -2.5739457993662209 0.2023223789722812 -0.6066240562015026
-2.2839992448562230 5.2952814273144462 4.3662243742777456 -2.5260171596272714 0.2292436901632038 -0.6759713947787445
-2.4368677474324261 5.1771638348811306 4.3144609192359260 -2.4624236406401150 0.2250435090481311 -0.6698171801945119
-2.5820721650561520 5.0493963093946359 4.2635577117376506 -2.3823479868821464 0.2011250525074328 -0.6541777802049102
-2.7173835664357888 4.9095325482970305 4.2174171331943473 -2.3449728525133464 0.2416259301339601 -0.6055549966841523
-2.8458111357691598 4.7658802063996566 4.1638413541284089 -2.2938472175558244 0.2667691433160893 -0.6658741156948009
-2.9659907297651298 4.6172564270013536 4.1049530073666896 -2.2267002208839806 0.2561451961053671 -0.5421120571502622
-3.0758842870455174 4.4597543191057909 4.0491274569733742 -2.1831062863130777 0.2918038505394534 -0.5218260116883902
-3.1775375935747228 4.2992361487876920 3.9866732956275577 -2.1199830864581761 0.2870534760670611 -0.4759007683511571
-3.2688827334203965 4.1321520492334578 3.9255261852892493 -2.0992801746540719 0.3428605831225169 -0.3893143706197706
-3.3546917830727092 3.9659835134729113 3.8546401872292457 -2.0447780099561541 0.3586493127699568 -0.4117631140540579
-3.4308467646083645 3.7965131348737491 3.7806117496882536 -1.9915473181613894 0.3989688265212528 -0.4419810352057665
-3.4966705720147879 3.6262478741409798 3.6988990372982946 -1.9456051592234174 0.4302008524800769 -0.5761426238619474
-3.5540879569712867 3.4563223862712356 3.6104198167039274 -1.9092447451077121 0.4738145134694491 -0.5505523809064927
-3.6038521715683944 3.2880765235629239 3.5144153760406494 -1.8505101034474900 0.4929484377283044 -0.4849845592591398
-3.6428899004759443 3.1186308901715716 3.4156012422016886 -1.8051629000506766 0.5210387624614166 -0.4655705240512145
-3.6734762699133956 2.9502468378160236 3.3121059045436092 -1.7279785757722950 0.4997092335783337 -0.4503872768599067
-3.6912686030285240 2.7777854604769430 3.2124038172604057 -1.6561216661301588 0.4780249166962456 -0.3190385610564825
-3.6963501043928471 2.6017507217760101 3.1176095710511627 -1.6002350696027949 0.4912399559586604 -0.3148459107021644
-3.6915403940598139 2.4269543892769749 3.0205368723588983 -1.5529430113030427 0.5268359008608829 -0.3426320794642597
-3.6786326636636546 2.2562822554985753 2.9170747379929955 -1.4826965036888391 0.5327913692034318 -0.1373842581597375
-3.6532310689256784 2.0865446691296072 2.8143911913148409 -1.4161620663663224 0.5400305691520426 -0.0982608015390145
-3.6166360296017368 1.9194112098494300 2.7108189465485886 -1.3570913832263258 0.5377681615300647 0.0630772601537801
-3.5699760417118935 1.7536631336603918 2.6090819288522136 -1.2898551864771213 0.5793693201549677 0.2500056495792564
-3.5134996704495909 1.5945329623988855 2.5018998030880439 -1.2333345706165941 0.5415139055664495 0.2471067822771715
-3.4468190294606997 1.4351503367571599 2.4011482732690870 -1.1631843484814526 0.5533855918862742 0.3031649774982634
-3.3696384858275339 1.2816071437441945 2.2988367315747489 -1.0991625629552386 0.5414648049696185 0.3420206965849966
-3.2822686216575745 1.1320051107451803 2.1989080642290628 -1.0284920934245654 0.5532895284308599 0.5020818540762408
-3.1853424032054338 0.9889272547328325 2.0982401185090978 -0.9604023544415976 0.5472744895048982 0.6130848666333786
-3.0787704977078452 0.8515095196498974 1.9994535048244022 -0.8934828150896919 0.5513252586677639 0.6472115801933334
-2.9635690165076429 0.7215890151720196 1.9002099597169586 -0.8331556085373681 0.5313111836526008 0.7097029279774638
-2.8395619659725280 0.5969393129476133 1.8048962505616208 -0.8165241116950170 0.4742832348814798 0.6714546063815425
-2.7098852309567909 0.4708954842349163 1.7194743702316808 -0.7907976773197820 0.4183266527088634 0.7232349259851056
-2.5739768326649934 0.3446690629146202 1.6446693046650414 -0.7125455811462143 0.4179468063388740 0.6543652514046778
-2.4284668375044118 0.2299289021103141 1.5694261202097728 -0.6673498205700330 0.3758390090966399 0.7050738663864618
-2.2756499047638017 0.1196655467161505 1.5024262879340706 -0.6461820897587303 0.3198843191028487 0.7799584242369293
-2.1179511467148457 0.0100502831459898 1.4466087664711733 -0.6050487390384642 0.2789567480489992 0.7892016776865711
-1.9541553627095278 -0.0942619989370050 1.3987559823440097 -0.5428944403795231 0.2553289139997870 0.8929299037465830
-1.7835363897973129 -0.1895418761499758 1.3562011814319845 -0.5489307547270377 0.1881566206990963 0.9180211226531352
-1.6115166437993302 -0.2873025542934105 1.3270111695148008 -0.5570605173052301 0.1203122996159984 0.9111947442065747
-1.4389783394086031 -0.3872133270212728 1.3112513785614222 -0.4401055196717407 0.1381228195578976 0.9915768462038335
-1.2564737542773157 -0.4668235381883870 1.2924287675846178 -0.4109169100277019 0.0857830262664918 0.9937939518029673
-1.0710774113094850 -0.5413762672097748 1.2840569930046377 -0.4399143170652509 0.0050571692927770 0.9945162304949573
-0.8879009552746499 -0.6212891376344208 1.2918235298784233 -0.4418919781713981 -0.0672932299995153 1.0326299393534493
-0.7060204272990451 -0.7014005056859649 1.3142209014256681 -0.4433119453839494 -0.1194107253254502 1.0792680765773746
-0.5257595971742025 -0.7815253848866801 1.3471759747190695 -0.4247555923004773 -0.1673007595955185 1.0340671402318771
-0.3454814420250928 -0.8571890138673176 1.3893043739945461 -0.4106068047908087 -0.2253946912094480 1.1180238869915593
-0.1670899331687296 -0.9298581656336938 1.4431157477876904 -0.3857225266738911 -0.2727797068440632 0.9806795087625213
0.0111398190302336 -0.9959443140028613 1.5052991573502461 -0.3334708456218425 -0.3110104531641293 0.9289336380832323
0.1904360374115208 -1.0514219520316570 1.5744012394673264 -0.2979170739836459 -0.3499145648812094 0.8563240704459920
0.3692159125656818 -1.0991429613450563 1.6502989437143789 -0.2336419637884633 -0.3651394016224518 0.7569282193447444
0.5499706417335681 -1.1343388407403536 1.7283308471708227 -0.1724936546171936 -0.3854267437650689 0.8354419843366010
0.7306279844927670 -1.1586861856486101 1.8106116547938873 -0.1583751848906561 -0.4555504505462489 0.8788820195410469
0.9052925212059719 -1.1798195057280778 1.9057204472222442 -0.1267247517632741 -0.5090060129965703 0.7911044495966717
1.0756323633646969 -1.1941035241323439 2.0095486947831427 -0.0660962761573995 -0.5309755589967384 0.8407936130946050
1.2440026421908483 -1.1982528583285017 2.1174107930092232 0.0101094801707409 -0.5389919961691323 0.7877897794017974
1.4115214877401774 -1.1891751952485901 2.2262916105062813 0.0377438695901997 -0.5860009814095282 0.6431146760629103
1.5740213574540711 -1.1746567577422657 2.3419765590317594 0.1109225695060840 -0.5940683732510887 0.6648961986957880
1.7340067216344897 -1.1485492125230226 2.4591221066666740 0.1518816039284756 -0.6371142477954983 0.6239541543982421
1.8878200792174338 -1.1164126482379411 2.5828504068449769 0.1840411112091283 -0.6875110222621053 0.5885391205606698
2.0343485276702897 -1.0802810704836880 2.7140903507758818 0.2226767599576829 -0.7368561529731257 0.6556234571014246
2.1725959812475990 -1.0404704127879156 2.8530246989883370 0.2877196673032465 -0.7565397064647521 0.5769088054657967
2.3056220374701342 -0.9919546723042413 2.9942701990624974 0.3229998306500250 -0.8269326174438136 0.4311597146255499
2.4277990746414462 -0.9410315152223078 3.1442021958505366 0.3997825083132502 -0.8342167874130366 0.3674993428243445
2.5450187540335714 -0.8808973845249069 3.2946795465996619 0.4858588529220365 -0.8080537016369167 0.2707500005120020
2.6605420671512858 -0.8084859468393143 3.4410043490721476 0.5294690476985600 -0.9038306686827817 0.2181640145053976
2.7604785504000282 -0.7381624037447151 3.5993309059174723 0.6094387655642390 -0.9167130869622469 0.1783397659923520
2.8530161492029542 -0.6610005250025242 3.7589643525280247 0.6982415841773175 -0.9517806607379762 0.0617651345756816
2.9346638049453726 -0.5788355666116858 3.9220060034163771 0.7821715568596015 -0.9307556251436795 -0.0161066440617521
3.0119999444796219 -0.4872434926303245 4.0820997681473372 0.8689367698039456 -0.8845605195440465 -0.0633855294394343
3.0860610142870204 -0.3834666164115014 4.2361949267385359 0.9615196739771861 -0.9259758570425154 -0.1441172865991529
3.1469532030192422 -0.2781079666217712 4.3949138489434336 1.0547336351538483 -0.9576265675585516 -0.1777077271250867
3.1954549293482661 -0.1717412917080102 4.5571905047226764 1.1280065048327366 -0.9210747629643779 -0.1944488559945277
3.2386352682183248 -0.0567113426006734 4.7149991519617629 1.2146221109226722 -0.9017918632962449 -0.1349534949667186
3.2724921740425406 0.0640373228171392 4.8707986055160912 1.2919277271556506 -0.8689396312097601 -0.2613076865051482
3.2988353144873104 0.1927747102649794 5.0215723566288490 1.3791818025578078 -0.8692450528639917 -0.4250085935667904
3.3146506618102838 0.3243717139434722 5.1713458636716387 1.4876690668837389 -0.8868505584109561 -0.4393630856639912
3.3159752861871112 0.4543596063775772 5.3233372883994825 1.5922166400427873 -0.8915635938946274 -0.5071549840091310
3.3040556407698856 0.5835565067480351 5.4755413717474450 1.6352400994372527 -0.8342839441278964 -0.5349712349492610
3.2861753608115909 0.7208007220143411 5.6199169962986444 1.6940224546084153 -0.7913814514623594 -0.5651953576971192
3.2596581245772800 0.8629872538789598 5.7580467408825156 1.7246028248542951 -0.7361309737461159 -0.6240408723029569
3.2279594538832184 1.0120079810512301 5.8876153217548755 1.7950509739934315 -0.7259561068718696 -0.5070114664231986
3.1850714259327799 1.1588905342848386 6.0164024818838984 1.8359584256171013 -0.6693054736330284 -0.5590879966965661
3.1345565611536150 1.3110505557894314 6.1359665914321422 1.8707883659087052 -0.6057913850166248 -0.5967464891893068
3.0767765993131548 1.4685440516086137 6.2448577057820662 1.9225559836226473 -0.5726645650494491 -0.6847189067337318
3.0100924540479284 1.6267011850832462 6.3475199963338236 2.0068703945537560 -0.5684706676097751 -0.6948135903250634
2.9301872533820066 1.7791377811651206 6.4493936586882823 2.0956671106042055 -0.5793403507039669 -0.6914339744711180
2.8376266485020341 1.9228965391493409 6.5531527735991562 2.1769591570293674 -0.5693271998266098 -0.7610942932880591
2.7333415871285944 2.0600284778629989 6.6547375035489447 2.2167685085812963 -0.5326119789859645 -0.7299285482686391
2.6214031640404567 2.1955558920730796 6.7501424794887264 2.2809110125327132 -0.5153506002967170 -0.8598438953845617
2.5003810604832837 2.3258463865728269 6.8416740996732743 2.3011905866716456 -0.4590522424301424 -0.8766864545548421
2.3735600334061604 2.4574101936054178 6.9229599641897739 2.3506625018183085 -0.4303858410294321 -0.8124668536382491
2.2385761998334717 2.5836589633946527 6.9993838662147656 2.3795693159625255 -0.3801774245805083 -0.6936692981118577
2.0970500797011304 2.7075937567278463 7.0672847080486090 2.3912924366864026 -0.3101055518440097 -0.6833402019171606
1.9509124844767332 2.8327204149712393 7.1219392838759932 2.4419015131702198 -0.2915436555512541 -0.5677253925010075
1.7976409465471239 2.9502028052933338 7.1739558545520712 2.4899728873463829 -0.2552847389670898 -0.5505583255598410
1.6374754126411069 3.0611519273896657 7.2190922484560351 2.5280849873673050 -0.2127465296102531 -0.4450775367649316
1.4716372680741103 3.1663727013582013 7.2568586161929298 2.5897156686545735 -0.2213924611273646 -0.4212980565924660
1.2999050107869219 3.2608894461097933 7.2965400573034707 2.6255612456404549 -0.1777931713892618 -0.4904527525151501
1.1236105556037517 3.3502863822621722 7.3270105820484872 2.6500233575976893 -0.1189058241499841 -0.4725057174068050
0.9438793478317927 3.4359433586995518 7.3459730539453458 2.7215772308637831 -0.1383690094857015 -0.5536931561153793
0.7589323973018171 3.5087882271904256 7.3680694478640385 2.7963073842935158 -0.1606658569993029 -0.5185237894963954
0.5695569971918089 3.5672440210870180 7.3948999900332426 2.8594166019396337 -0.1683323037435525 -0.5617712424389367
0.3770774361342696 3.6138228311399310 7.4228648434952520 2.9170835083478615 -0.1594935890359945 -0.7377416914413604
0.1820208098283624 3.6504207372755872 7.4476338927431209 2.9707748134796184 -0.1321760894064994 -0.7434930591019806
-0.0153114302836292 3.6766415424220256 7.4669330219943548 2.9818354366826432 -0.0798937193360278 -0.6917868688248205
-0.2136734608164025 3.7004388557774273 7.4762170254400653 3.0173494917403385 -0.0382906837137327 -0.6678616512144338
-0.4129792430141610 3.7170473089175928 7.4773851293868843 3.0488359428055318 0.0121085527817728 -0.6742662473028784
-0.6125105473452472 3.7273965311671047 7.4684323537968424 3.0557847649680117 0.0892854435024333 -0.7754511099423369
-0.8106986132923457 3.7369422127912815 7.4433251739775477 3.1055930854617788 0.1124436047427122 -0.7535102992401157
-1.0085063174320366 3.7364276983860791 7.4137981108335200 3.1107805035233200 0.1820391471707108 -0.7753931681023518
-1.2037433049159501 3.7349666227726130 7.3704347164062156 -3.1367576437995863 0.2235984524979728 -0.7581065689072815
-1.3968624026911125 3.7264321565055680 7.3191299704264923 -3.1241765626730404 0.2975011062552770 -0.7696523079445479
-1.5855200356191386 3.7156279640751881 7.2536199180381642 -3.1045323640678060 0.3477154704417043 -0.7258285207287898
-1.7705082651634434 3.7009347936181531 7.1790312749885405 -3.0405691340133947 0.3620932813148770 -0.7448544496193157
-1.9530544632899909 3.6746955659883693 7.1016465963826585 -3.0013106792763931 0.3990145722380363 -0.8271175765367964
-2.1313285202276591 3.6423649885346610 7.0169524738918101 -2.9120848329733029 0.3953773307893891 -0.8459024220419718
-2.3062951084199246 3.5943613278741124 6.9327958248405013 -2.8512863784785987 0.4242134123690473 -0.6993669294284075
-2.4757511473752016 3.5353771287239830 6.8444469985200254 -2.8296386203251163 0.4751293196392510 -0.6939523861000283
-2.6393979856401129 3.4741493104934484 6.7471286210128625 -2.7953607544777643 0.5129540520716893 -0.5840073345492769
-2.7974645685415114 3.4078413106996628 6.6440839485002936 -2.7415341024892372 0.5324373736248611 -0.4182309066954955
-2.9502423130714899 3.3328523381795310 6.5390334141051394 -2.6705847740983657 0.5162472419692148 -0.4754376187204152
-3.0986953127252952 3.2468114734738331 6.4362779933504015 -2.6822213044843246 0.6483141023004544 -0.3895740763086186
-3.2349482658655440 3.1686089576523999 6.3125060285128027 -2.6146636071215559 0.6494859992297175 -0.2483650370930786
-3.3659859450340019 3.0806331002238339 6.1896672107561468 -2.5326178202123901 0.5896879497809362 -0.2617213671784398
-3.4951218986590069 2.9782478177063041 6.0763483711699324 -2.4717589067968349 0.5935074658976629 -0.3103764072538677
-3.6173263465225030 2.8687495997910215 5.9619971000980492 -2.3868004639649851 0.5501095072701587 -0.1788940081384807
-3.7335796845812741 2.7452626077273412 5.8559965143390187 -2.3336764244627322 0.5867574856054842 -0.0663111323682446
-3.8406927821949970 2.6180991059986267 5.7448379422553320 -2.2717641465663863 0.5940730275220068 -0.0670633020968441
-3.9392029387891005 2.4851804010103389 5.6324619354209471 -2.2038005690126119 0.5626017310722511 0.0622883489361703
-4.0309267537223787 2.3425098207434703 5.5264815254368331 -2.1420783674034349 0.5466478280371359 0.0913637585374674
-4.1146830369881693 2.1929289256170872 5.4234745313699708 -2.0670464835632205 0.6184562709547201 0.1954411331950259
-4.1836964334426359 2.0439017478849726 5.3093340415908425 -2.0197767185725723 0.5468431958846836 0.3630915756772475
-4.2497689271505656 1.8842213687534999 5.2086533478325823 -1.9594198657524200 0.5276977610250375 0.3529230991832577
-4.3067539799327026 1.7191241017038432 5.1112079981633887 -1.9019255872060603 0.5132922149716310 0.3555672726737287
-4.3546216555088515 1.5497058492076807 5.0163073060896055 -1.8553751256304014 0.4616812914518316 0.3659781644868909
-4.3959122804433086 1.3737366853690967 4.9306922509271427 -1.8092324166860645 0.4328845597856352 0.4221828616887304
-4.4298799622381280 1.1935595415106703 4.8508023678097798 -1.7547971932628792 0.4256668269333508 0.4231966810299239
-4.4541038289688313 1.0112358276132396 4.7722449516655292 -1.7016441490844592 0.4123404996608824 0.3037163161233250
-4.4682398187547960 0.8272671061201324 4.6950718779612721 -1.6596114096536068 0.3808099579489825 0.2258305444894728
-4.4746021822341095 0.6408070739684939 4.6230151174112235 -1.5940933902641437 0.3887428401978181 0.2821811686255216
-4.4688828844182380 0.4546950155495702 4.5500110672251930 -1.5405336972053509 0.3710810891429635 0.2918096261547092
-4.4531977688055706 0.2678603795660364 4.4803921334132069 -1.5001526308671911 0.3220621164710673 0.2885064408055791
-4.4297488697202807 0.0786439765917780 4.4199992366688790 -1.4554394796392709 0.2710210928832613 0.3637532256547216
-4.3977672738779923 -0.1123769809318173 4.3701176637771857 -1.4142594044927173 0.2227524962130918 0.3551416940056926
-4.3575802535423813 -0.3040508215932776 4.3295449857459003 -1.3611434095654862 0.2118505223348906 0.2839096267153818
-4.3069860564950879 -0.4935477455282278 4.2904151627929235 -1.3017929518000686 0.2134473563424453 0.3356530918010048
-4.2453876037762317 -0.6797987176055123 4.2514766725434363 -1.2506450187894376 0.1854408593763717 0.3604071248404761
-4.1740982739297312 -0.8636893464471798 4.2182792618875888 -1.2200836432108817 0.1132074797565714 0.2978895605285898
-4.0964019105087139 -1.0469450319944391 4.1987695508248075 -1.1757195070843507 0.0969652978326279 0.3072016200572230
-4.0105661552654341 -1.2268623531622336 4.1825837340205672 -1.1398182485564226 0.0336856369357994 0.3828579435914743
-3.9182995234600191 -1.4042853625548952 4.1797651539994405 -1.0796635898708011 0.0518387335273691 0.4345824446993936
-3.8157506256896445 -1.5758905699773031 4.1738173517504045 -1.0118366302371014 0.0685287557141541 0.4433087874387711
-3.7019042851743138 -1.7400685958776902 4.1646202564089823 -0.9512970309683575 0.0757441818837794 0.3986023101817424
-3.5782379433371228 -1.8968622635411163 4.1535576311663895 -0.9201418584704828 0.0068433777308350 0.4606023123087146
-3.4497854066815097 -2.0501239691163402 4.1568432712732486 -0.8706373963306886 -0.0207881933758900 0.4624266609381582
-3.3140205509924767 -2.1967190127396949 4.1656635402489011 -0.8456408413462460 -0.0842079223347243 0.5505145407596408
-3.1756505939867457 -2.3394021402505860 4.1879184300923251 -0.7982183521968920 -0.1075616214146384 0.5395583340572907
-3.0310229432993290 -2.4749205816293656 4.2147063882620861 -0.7561990016728650 -0.1337413165049171 0.5328426147162970
-2.8813591860601666 -2.6036957324436081 4.2466081170839880 -0.7096317531737149 -0.1550520668210411 0.5237718636497037
-2.7263720165482046 -2.7248642122006501 4.2826244578203498 -0.6796074070874187 -0.2104718685769824 0.5774234104415141
-2.5698660705517207 -2.8400476128961722 4.3299390757725273 -0.6210986156180312 -0.2195792081928429 0.5105237847276753
-2.4069325341768542 -2.9454079914514391 4.3784349864771510 -0.5056336285669882 -0.1271806980543073 0.6183253186359146
-2.2301521061252934 -3.0335316031616331 4.4097863710886465 -0.4620525974577752 -0.1601254128813756 0.6178807136784412
-2.0507187294694287 -3.1133594727189493 4.4476172392232094 -0.4103679086382539 -0.1742779788318063 0.5040721032174051
-1.8674968751679248 -3.1830783915842926 4.4872281526002844 -0.3726368752665215 -0.2162692698564284 0.4370873418537165
-1.6832443687261911 -3.2449207311296528 4.5344143678489690 -0.3184715911841747 -0.2291549411256542 0.3726475569119314
-1.4962898536038320 -3.2962935477790318 4.5834943330575237 -0.2633399090016910 -0.2441880350261596 0.3763768767148696
-1.3075342404416528 -3.3371001664138960 4.6355148902955854 -0.2067733992174849 -0.2466290440474830 0.3873558423941002
-1.1169325891935991 -3.3671803430483029 4.6881095051830259 -0.1623862137520518 -0.2614646935046383 0.2882512830302821
-0.9256697216192997 -3.3883455800377824 4.7426122411733891 -0.1088080676867493 -0.2792492222283460 0.3312745758107640
-0.7346740077105475 -3.3992529001241789 4.8009360582382810 -0.0567940125596160 -0.2863320733954269 0.3463973007420926
-0.5438318207014654 -3.4002419014341854 4.8607547972253187 -0.0116895140779203 -0.3085891511340675 0.2218111302940606
-0.3541333394546644 -3.3922480361494713 4.9236084711868848 0.0278588232118646 -0.3419183241786321 0.1513572771048661
-0.1668591452905518 -3.3766779069312181 4.9920624504452826 0.0757101768894066 -0.3781413803099194 0.0817812760695804
0.0171210374887881 -3.3522598811641195 5.0665946740946417 0.1307152835927821 -0.4443872615118254 0.0540560522609237
0.1943066384805695 -3.3184243589377465 5.1529683983216881 0.1917696879944462 -0.4601490549637184 0.0987462896121039
0.3675427149509027 -3.2741788916536736 5.2425875951155607 0.2531977758610395 -0.4403049681732223 -0.0081917950330883
0.5398719076519302 -3.2187769908416461 5.3276362795817320 0.3036611807534735 -0.4951581226267736 -0.0853921226637833
0.7048554707966954 -3.1561499287353372 5.4217546889605019 0.3683537020992977 -0.5081303304865510 -0.2606847685359393
0.8652253784517378 -3.0834111659931587 5.5165732795081910 0.4403985480589823 -0.5411164856674953 -0.3695846578304081
1.0176833398496399 -3.0007727035705525 5.6162098919296461 0.4971081622559481 -0.5318508853720543 -0.4298517627435747
1.1663932821018748 -2.9092644143902411 5.7137372526374470 0.5521132078311215 -0.4984317331010386 -0.5208611198727433
1.3131122499974248 -2.8082195424045668 5.8046409286085714 0.5905427571211668 -0.4486921099461845 -0.4663594265683546
1.4590806792834661 -2.6991150802293653 5.8870389503398357 0.6671370719909802 -0.4761083200824126 -0.5229022643927856
1.5948056716987216 -2.5806739658709934 5.9739321541214085 0.6873143257860255 -0.3991013327911501 -0.5070271713927426
1.7327729173780080 -2.4555880219617006 6.0468605145581593 0.7488530876558910 -0.4058901126808969 -0.5886583280428370
1.8629342331468564 -2.3227237287545730 6.1203799777491579 0.8151118214614712 -0.4015205846244401 -0.7253505459634537
1.9851709471877055 -2.1815772628004164 6.1920448986599341 0.8800228556112852 -0.3913631237269555 -0.6705882042089448
2.0980617413383906 -2.0321398990272712 6.2622171360801584 0.9646072225681399 -0.4054466362793128 -0.7488183384763656
2.1979282661055395 -1.8746294123378133 6.3344467962882929 1.0058608177892499 -0.3740080268487858 -0.7208118957441680
2.2921714545541412 -1.7112562709113834 6.4009857930608707 1.0380491546441517 -0.3349779133788413 -0.7031489642903392
2.3822264119667262 -1.5428001146345693 6.4602532213656243 1.0882049965237979 -0.3067536452509931 -0.7868530112821164
2.4650797606327832 -1.3687300606537529 6.5134973658505952 1.0899533076495729 -0.2376496929792338 -0.8035598971421960
2.5492404844458734 -1.1916956968653056 6.5531937964870703 1.1150464296763563 -0.1825777629733256 -0.8336943935974910
2.6299878734175390 -1.0109763076558564 6.5818357506456495 1.1476525290878348 -0.1421006230591217 -0.7920486722531370
2.7049041596527177 -0.8267202184502300 6.6027461224112844 1.1982945180195399 -0.1280792254177383 -0.7600705252646618
2.7702674072119171 -0.6385962753709185 6.6211044422910224 1.2157971831455452 -0.0677642101240514 -0.6540825789397369
2.8318917329864108 -0.4484620224471352 6.6282744030966274 1.2374413601803980 0.0003171656424708 -0.9035140448303993
2.8911231547659009 -0.2576139390089068 6.6199890110156723 1.2549509605676752 0.0522640178857960 -1.0021720558389218
2.9475767098316443 -0.0667140965588210 6.6007472264578020 1.2621566326924665 0.1109801145868485 -1.1179123686205323
3.0031925366973966 0.1228017439160010 6.5692730146144456 1.3362946926958843 0.1315842943429981 -1.0691447481891938
3.0440238909947155 0.3153802582262607 6.5339698089200615 1.3704588893396226 0.1761246450111100 -0.9835734650509433
3.0771672940288575 0.5077414263035892 6.4903957816648008 1.4155345416192349 0.2146099243018598 -0.9108993668886285
3.1007322161558357 0.6997904621919326 6.4397809393800793 1.4051181419536034 0.2943889039466479 -0.8904492930349477
3.1253704939796871 0.8870641899943627 6.3740427758762506 1.4796338175006643 0.3025208156371035 -0.8095008869702092
3.1353306807430168 1.0753377074278665 6.3073054001947355 1.4713793933522448 0.3881930746784055 -0.7806625066931190
3.1460027381522422 1.2572536778295813 6.2248876417718284 1.5774332489694158 0.3610732459130936 -0.7879577749772393
3.1373977644624964 1.4414263991573719 6.1473869117977520 1.6221927895576655 0.3914058329597099 -0.8050522385442798
3.1208159816842898 1.6225565801456572 6.0642189972209906 1.7149602527567449 0.3846651727846120 -0.8406179228162669
3.0877303632055280 1.8018677734729940 5.9820433451249819 1.7464672225708799 0.4295124142729798 -0.7421702853084753
3.0489143080382157 1.9764087111265831 5.8924399135821321 1.7932260592494718 0.4590758146933052 -0.6289702308706859
3.0017629164550428 2.1465158556246688 5.7984170139114788 1.8294888271244227 0.5117047994020538 -0.6049504603627036
2.9496367480744725 2.3098440915381899 5.6954279371929371 1.8527501530057453 0.5671760060138498 -0.6986553883448385
2.8960755832743126 2.4659414751517130 5.5824464853777709 1.9152745797551374 0.5833398793999800 -0.6666995262605950
2.8332426182807908 2.6167113054129798 5.4670321154184292 1.9275562126661496 0.6546752339620054 -0.6659002025106089
2.7715742891482611 2.7586031025689839 5.3402893243735674 1.9920174289978219 0.6783859870179883 -0.6690824383882505
2.7021657622102606 2.8934393300360508 5.2098989560531033 2.0504130633516269 0.7000535114757516 -0.6070874644538424
2.6258283526926025 3.0215766028942630 5.0766569235986507 2.0906542111912065 0.7503442808489420 -0.7423314576017441
2.5489596072640182 3.1403477662670758 4.9352900012748480 2.1494724424838925 0.7757545401723389 -0.6279527275558507
2.4662425132871988 3.2514787579953333 4.7910409630058739 2.2420947534264863 0.7700625341093028 -0.6195828508150618
2.3730213068832877 3.3551309855651907 4.6476323775013588 2.3369674591330112 0.7785900940690986 -0.6397513082821713
2.2714244083446880 3.4486012160091413 4.5029209880805805 2.4291339403220391 0.7781331581962414 -0.5366652970231778
2.1607382136901636 3.5323262116287362 4.3589116431706074 2.5110451752932557 0.7817132548193322 -0.6410617305514608
2.0448644290895261 3.6065224166396712 4.2137627912829663 2.5656912391209588 0.8066623263617032 -0.7426539086404915
1.9290487776588447 3.6725306631194754 4.0646666938144262 2.6463552605082032 0.8298823521628793 -0.7612764856171026
1.8115240563086945 3.7273972888854425 3.9124248032303073 2.6207960557738907 0.9031356593328601 -0.7927797335012365
1.7056813478550310 3.7796413504830011 3.7509693013265837 2.6740203239356113 0.9494769462803863 -0.8085396768158990
1.6041353920107140 3.8228161868076134 3.5841629694323567 2.7427418317973551 0.9906310161348424 -0.6801822043915613
1.5051601028845281 3.8556972969555305 3.4135091539525133 2.8644612021591795 0.9891164840253053 -0.5220706531310189
1.4013246531364121 3.8758006536585583 3.2437621232719227 2.9772270730561310 0.9853024353404294 -0.3252904074014036
1.2935689507677806 3.8836194498280485 3.0754541465343275 3.0799122226319966 0.9554643103582645 -0.2474734737785225
1.1799646397500885 3.8804678750129833 2.9108815847435459 -3.1119676927955404 0.9677185514999289 -0.1518695660458271
1.0683439085276414 3.8668088917050212 2.7454903983509240 -3.0140933722084085 0.9747446909020496 0.0356612615011263
0.9581557723686991 3.8421372187128320 2.5804150119313101 -2.9284905318284093 0.9343339367056647 0.1363164632552274
0.8432082155966303 3.8066538912885837 2.4206401933051085 -2.8382276691390511 0.9522729664827079 0.2367372233428791
0.7338196877497861 3.7617502074792557 2.2593398239445515 -2.7498596902123209 0.9333047819160774 0.2670274994339001
0.6257546075433174 3.7061867400563551 2.1004856784905730 -2.6782757117887424 0.9106019634399081 0.3727772375224370
0.5178447010676027 3.6413792535456686 1.9450654681684605 -2.6001065222450697 0.8898116988426246 0.4791559086482216
0.4116677434300546 3.5666799463150713 1.7929258376769177 -2.4945475754910009 0.8896209891504423 0.4486454307997052
0.3141923352263816 3.4812115523308673 1.6406310628969267 -2.4542004079769861 0.8340744886781160 0.4030316652552850
0.2142369141730440 3.3866944095986145 1.4954572927737362 -2.3300399271893033 0.8672100830352543 0.5177513784247179
0.1291675923060366 3.2838418525900872 1.3465124640823876 -2.2691064276511868 0.8301109204909047 0.6308240608990801
0.0460631100426542 3.1716903997154637 1.2032794488734413 -2.2023623890259874 0.8092063364287685 0.5470514035029321
-0.0304216873656319 3.0519924398559617 1.0624871402380385 -2.1463008463416968 0.7770959952513152 0.5766471975402032
-0.1027382169062961 2.9244018314213251 0.9265056849050647 -2.0679853727900648 0.7702002495432798 0.6637104452231575
-0.1660081241221786 2.7905223196714806 0.7920691006933373 -1.9912404666670382 0.7566237300233900 0.6268975083218282
-0.2192688965945719 2.6506305878438443 0.6594282567503471 -1.9592710324986133 0.6997221855921154 0.7004949495941109
-0.2713837052125207 2.5021685556569482 0.5359654213639378 -1.8749912399401762 0.7003504311747393 0.9220167711576996
-0.3127012808601130 2.3494433245269417 0.4136222085612179 -1.8395743997037197 0.6569220950100601 0.9888964071190536
-0.3505724650253195 2.1902876588487121 0.2985776628737120 -1.8061871948423238 0.6153089854169322 0.9305142847583117
-0.3836591337296024 2.0255202146579219 0.1901481388090559 -1.7562893688743697 0.5813016348920170 1.0873163869720255
-0.4106007077334357 1.8555640250803720 0.0882214729434647 -1.7205347620961586 0.5431035829505100 1.1759609992043636
-0.4328721475628725 1.6809522625356235 -0.0067243818841168 -1.6853310203121061 0.4974246419919712 1.2287538851979374
-0.4499814980081050 1.5015046368636162 -0.0933605161931996 -1.6436031736276950 0.4551938392772343 1.2407093260882842
-0.4599636866552256 1.3180023132074887 -0.1722734626761131 -1.6520993950255438 0.3941342407386297 1.1182921480559962
-0.4706727449822529 1.1302240012320415 -0.2402780332680955 -1.6896209231393751 0.3123964835730839 1.0424301296416001
-0.4882931464185344 0.9381208109733795 -0.2930595238274634 -1.6467887241858210 0.2777875904505551 1.0742085917258031
-0.4980940342970972 0.7437108015330118 -0.3389800075595411 -1.5792806835567237 0.2572833559076302 1.1249787121008170
-0.4952399268605193 0.5481245622264852 -0.3806678602827336 -1.5640840156797928 0.1996638430294824 1.0846159710624672
-0.4890229189278189 0.3505683326521017 -0.4112110259457464 -1.5272495157804458 0.1649701736359255 0.9994407619244949
-0.4747283345125333 0.1525426805172168 -0.4353254604808504 -1.5032285234795986 0.1203202782732147 0.9671715937260457
-0.4553432770244116 -0.0459176573216665 -0.4507434321716575 -1.5488502562475739 0.0258063049438753 0.8550811648942869
-0.4440909468763335 -0.2455820344267728 -0.4480008819955330 -1.4888286738212284 0.0130872230666781 0.8242025559667390
-0.4206465295524444 -0.4441384977978604 -0.4429323368483222 -1.4744726179492764 -0.0424775114830713 0.9094575663087232
-0.3950901123849284 -0.6417918158651976 -0.4261980786176168 -1.4471388038177668 -0.0796898577107474 0.8807940801734207
-0.3640009413731097 -0.8379041095704642 -0.4022516445729170 -1.4061090453293983 -0.1151282352928598 0.9103530577109931
-0.3252951504168952 -1.0316339280088609 -0.3710968825889172 -1.3863545348735582 -0.1607430710600042 0.8940623426924015
-0.2829336933539896 -1.2229550394436917 -0.3310751475584536 -1.3853343545865457 -0.2227660174940911 0.8039187999177533
-0.2401827041198604 -1.4114293586714024 -0.2795990957367142 -1.3436907972216654 -0.2536745370834712 0.7998609727103654
-0.1899698458593666 -1.5963210156612906 -0.2222079462374656 -1.2892458232029149 -0.2697002632075627 0.7993436459380643
-0.1300282963775901 -1.7772990079746938 -0.1617598119078314 -1.2564361813493750 -0.3132694530869840 0.7811402613354281
-0.0649107247542649 -1.9535349769237480 -0.0931989986507741 -1.1793886495927803 -0.3160338864491341 0.8257177767016941
0.0131573877942916 -2.1240951102230725 -0.0238116025905201 -1.1132091407974243 -0.3315900969924019 0.7216519552800134
0.1026416482139546 -2.2880218235171434 0.0477467638368195 -1.0340679144120490 -0.3264250204646269 0.8605522841161282
0.2039380829930216 -2.4449232142769133 0.1193078278220638 -0.9948825777029349 -0.3691699840125806 0.9014014453494434
0.3092151511433035 -2.5951254420204783 0.1990325398162199 -0.9648857283854961 -0.4177565196583535 0.8675099338665424
0.4168989214357809 -2.7386607260900826 0.2873604959946289 -0.9133658638196676 -0.4516027018956388 0.8941858748657392
0.5297243141746195 -2.8740830930539700 0.3818655925726711 -0.8791138868541912 -0.4884061152116122 0.7920347395590093
0.6456544796266125 -3.0025401477705924 0.4821600681523572 -0.8253580991621163 -0.5196408610101333 0.8090612136518094
0.7660016589170364 -3.1222607693422573 0.5879122747833906 -0.7638328428501335 -0.5363719803490543 0.8055137557202703
0.8922154646470257 -3.2331046383677453 0.6964650819447579 -0.6676217480234050 -0.5163406278518421 0.7764438390768600
1.0303914666656879 -3.3325322570197669 0.8014486097733026 -0.6187194346298108 -0.5479841806657557 0.8238234045372890
1.1701345189170529 -3.4232961986510686 0.9120550573567142 -0.5584444645757247 -0.5808839443189000 0.5890475976380984
1.3136406133002385 -3.5026944230567332 1.0265186884196502 -0.5215315385231483 -0.6125087395150715 0.5489397042082369
1.4570589470407880 -3.5748037643620196 1.1458142224668313 -0.4768500952132269 -0.6504159428795928 0.5034287760961975
1.5997673844397760 -3.6382091171243824 1.2707704673536693 -0.4079166576598823 -0.6564744850046633 0.3730638735165499
1.7467279249085943 -3.6911006185677513 1.3956907964445699 -0.3174869529006461 -0.6291882612611506 0.3135739154894806
1.9014403519431051 -3.7314589682637811 1.5158376587877211 -0.2423377326812553 -0.6269890962627263 0.3049228881098052
2.0590580364150068 -3.7601365380300380 1.6355634393615706 -0.1868398147851935 -0.6638556740756068 0.3784913153631946
2.2130938580198101 -3.7793575696533050 1.7616725889339571 -0.1341966972123658 -0.6976594521548600 0.3742578791576667
2.3636445473297290 -3.7898521007917170 1.8929141782434940 -0.0747200357235460 -0.7070594902753662 0.2256759775978829
2.5143118574956667 -3.7909006449138514 2.0244370363427042 -0.0001369443173758 -0.6896509350037539 0.1922820917517374
2.6671227307914451 -3.7806472830282458 2.1530593733321410 0.0658999514848677 -0.7026377810922102 0.0883903616937567
2.8179283441617713 -3.7602457793957176 2.2828339687872288 0.1376060429633834 -0.7463026747392645 0.0010410092114346
2.9617386377463917 -3.7297636810808283 2.4184416423954236 0.2055336895122211 -0.7107469343419499 0.0233913356259388
3.1076279010181986 -3.6886597171060154 2.5489283735506132 0.2746580387492217 -0.7067974675550546 -0.0595505030657515
3.2513713076944688 -3.6373002525172615 2.6781570020903334 0.3517838275206713 -0.7230176271833688 -0.0900399068395532
3.3889496124958822 -3.5756970959463028 2.8095999979039687 0.4161445729757123 -0.7067998399098028 -0.1635928441653558
3.5247054690503412 -3.5044078726403245 2.9380063608755735 0.4814447216325970 -0.6996076729083454 -0.1774270211260425
3.6564279488899523 -3.4239654271980200 3.0651999191879544 0.5501524580204986 -0.7018706159837453 -0.2888867100374091
3.7828365388580028 -3.3346669404235438 3.1918752863359443 0.6111354951111019 -0.6559650200506852 -0.1964301566986508
3.9075929886014924 -3.2347265516198380 3.3120740672497466 0.6782628617438795 -0.6640352508346763 -0.2565202943882166
4.0249880878440711 -3.1271278382676804 3.4330736852606529 0.7395060351414364 -0.6464738572905482 -0.2287097385820949
4.1369563597905943 -3.0111932907099477 3.5514894222211315 0.8045757000518350 -0.6310986502271896 -0.1625805046572237
4.2420237379823718 -2.8871207098820935 3.6679662041419143 0.8638284146383946 -0.5881734839815707 -0.2974132077626881
4.3434481377143470 -2.7529868329334626 3.7762306682736786 0.9305122982223804 -0.5811480095175878 -0.4476978764358734
4.4370999257168773 -2.6114834277437402 3.8820896731983536 0.9686010812194210 -0.5190616999422799 -0.3883551049873728
4.5284637854661725 -2.4614618693602743 3.9777253211122332 1.0195719390482818 -0.4991004538010984 -0.4974226990371244
4.6137220269864549 -2.3052196275652830 4.0689360339246257 1.0380134826848177 -0.4210135715773715 -0.3902359702592881
4.6987984410289689 -2.1418813270656374 4.1469270806130396 1.0884298073588221 -0.4079618637530698 -0.3784511965983266
4.7759382143981552 -1.9735940143627126 4.2226161534556805 1.1385967164353232 -0.4050914463991444 -0.4705570172042606
4.8451381199483885 -1.8013055784565797 4.2969671314240783 1.2139184759752180 -0.4167599879776303 -0.3722159343921150
4.9003424041921351 -1.6253321239072269 4.3743352792311860 1.2551240971024518 -0.3771254570577720 -0.3219560087057474
4.9489309867614280 -1.4445748877883833 4.4448049268433572 1.3087591016174160 -0.3565442744179794 -0.2738400386259503
4.9879385688394242 -1.2602342803667475 4.5118642214702076 1.3625797073848904 -0.3463438702951760 -0.3114060249122015
5.0172498974172672 -1.0733009351649165 4.5766467072874013 1.4175872692666394 -0.3121559526079007 -0.2705781416667112
5.0364200604389460 -0.8830650507512685 4.6353221973243786 1.4812637126558981 -0.3475061425353716 -0.2704058310755522
5.0432493923407540 -0.6941796529508173 4.7007107798410557 1.5199321352947610 -0.3037120406906624 -0.3720429426240730
5.0432585378898134 -0.5022088564835738 4.7568108085406129 1.5550801690479243 -0.2507070150415425 -0.2953960275438403
5.0362984971267428 -0.3078375681491830 4.8034086636822977 1.5833044186166862 -0.1530856226482156 -0.4018654931869561
5.0241892310398573 -0.1099590823132529 4.8298183308160700 1.6109373065371759 -0.0904036657759870 -0.4268783028327401
5.0066710011542535 0.0887995692042522 4.8435336532190654 1.6130992457900568 0.0337239760172041 -0.3874033072783414
4.9885521424736226 0.2876902634625943 4.8328472741528898 1.6611117891783511 0.0400125087543288 -0.4926533536967899
4.9613857408371711 0.4854139216291070 4.8199112151170382 1.6853458060890576 0.1020211422499862 -0.4629346448248075
4.9294262584018282 0.6812557969345530 4.7949201895416200 1.7411663715157690 0.1053623945455184 -0.4674404014214790
4.8866261739484651 0.8749254017561260 4.7692251133782619 1.7805417879275929 0.1359190817099170 -0.4275003882357669
4.8362305776623780 1.0659140527633153 4.7378624116224533 1.8229375341673668 0.1588248232547302 -0.6268976855071262
4.7790639332379303 1.2538351765725853 4.7002110372582981 1.8594003353286945 0.2007664549655632 -0.4844587365952027
4.7147579505233823 1.4378868277931818 4.6556046445540211 1.9214018244041791 0.1809336664225851 -0.6072047473142854
4.6395745228239651 1.6184386175237899 4.6137895345524829 1.9662390809736578 0.1977508878432506 -0.5921736491713956
4.5565636691486553 1.7947539905533059 4.5688219083580863 2.0346183622013960 0.1885415465327203 -0.6002589682813921
4.4615666852926905 1.9653580249412683 4.5255803021342134 2.0920211886279887 0.1993200878415813 -0.6407028752222761
4.3574235078347430 2.1298803654683094 4.4799010064252522 2.1125122529895117 0.2632748833852334 -0.6473526380764154
4.2516848010519155 2.2894012532278962 4.4218285322547084 2.1688507104221930 0.2750734514680966 -0.6600811750348816
4.1376078459901695 2.4421596862709474 4.3614024662064192 2.2096200286795984 0.3251260602603159 -0.5811347931517377
4.0188306984443942 2.5874089905721771 4.2921592078999407 2.2111085065667648 0.4074130048672271 -0.6493346537891482
3.9040849766954282 2.7274697022657759 4.2072097147867300 2.2468831954978956 0.4572110215649134 -0.5022107114741612
3.7861794848198893 2.8597835560409051 4.1145202381199528 2.3063580268938395 0.4727693555216508 -0.5270878506433041
3.6617640275841512 2.9837795811947170 4.0188866679320867 2.3651987444195104 0.4936249081601960 -0.5255442630148455
3.5317117433437231 3.0988192013254041 3.9196279697538707 2.3985457592149304 0.5495529348456021 -0.4126394782962608
3.4014153400699323 3.2055007380457758 3.8117303469028849 2.4382002666655564 0.5911825670467761 -0.4048214353172903
3.2704748519821916 3.3039365171670525 3.6969915741705104 2.4953871240440968 0.6005949031381253 -0.4893905848711881
3.1355806513940805 3.3941066466440426 3.5800603875785781 2.5590101276268129 0.6051639118792700 -0.4401784007171727
2.9953281488629040 3.4751742111939143 3.4627689321707154 2.6056735815987881 0.6618738758183187 -0.3530746939034515
2.8567622616410833 3.5460448943008895 3.3371630359142879 2.6625211889468048 0.6945748379251460 -0.3424645524095564
2.7180348785939206 3.6069941282867926 3.2066260523831156 2.7329523176524013 0.6917960158324230 -0.3340226429015054
2.5749694765287394 3.6581677328239031 3.0765739361734687 2.8313794855834811 0.6176223325941761 -0.2796057211230028
2.4184352773486384 3.6977817639062254 2.9585579498476609 2.8923206271284805 0.6447916517255479 -0.1828539289184721
2.2623124201327021 3.7269044730965422 2.8369951213837403 2.9619503707846233 0.6267570812363079 -0.1948560400999893
2.1024855499654822 3.7454919688811867 2.7182101199188820 3.0288679819808468 0.6175017607935533 -0.2344072441542329
1.9409305435135851 3.7535347689947662 2.6005865965204542 3.0813297408654101 0.6768312994811359 -0.2542639681900978
1.7865504880071963 3.7527003584310776 2.4734406086920702 3.1205437310090662 0.7636349307902446 -0.1996410629734031
1.6435343147167809 3.7454495759632853 2.3338204083950833 -3.1014509283588998 0.7824330331542129 -0.1734777616830452
1.5036892258339871 3.7295145399849101 2.1917309093329380 -3.0373129734851192 0.8108818774714699 -0.2221363564195178
1.3695788737737078 3.7052128738682972 2.0453620516677073 -2.9749859759766180 0.8914135574079545 -0.2006480365847492
1.2491276378453906 3.6745559090561142 1.8886723893672051 -2.8833781679765633 0.8474765332018084 -0.1380384068326208
1.1250075322075823 3.6310513518419922 1.7380020443152921 -2.8008253023320089 0.7997106737631881 0.0014409587042175
0.9973074923896994 3.5746630762990663 1.5947782257242276 -2.7222120899755784 0.8043833883751024 0.1624114556576504
0.8738829776129414 3.5083272388742333 1.4520689204029980 -2.6480853320542708 0.7748513759310582 0.1795424208027265
0.7519294354660597 3.4310338689845463 1.3136743087704463 -2.5729949289743730 0.7609271953764321 0.2832519408182783
0.6337583770493234 3.3435968438211292 1.1780632193151948 -2.5330376651547168 0.6911192165957036 0.3581197871666726
0.5111765852155709 3.2462373981959964 1.0535849374408317 -2.4685079620164925 0.6855234042750169 0.3717454198186094
0.3944877378861353 3.1407304214855425 0.9300859869418602 -2.3983678055473190 0.6763983227073362 0.4088200017063746
0.2843897862911816 3.0265035654583636 0.8083047633614519 -2.3522265019641297 0.6372224726082365 0.4347714837413341
0.1762212512607713 2.9039939104592944 0.6930183701427206 -2.2759184817507689 0.6339122818556673 0.4836077441899986
0.0771117231612789 2.7732448736503219 0.5786418392746187 -2.2274343180096907 0.5967987970938031 0.4985377585568713
-0.0181720950245725 2.6345577059300633 0.4705360415500820 -2.1557873802882059 0.5978445506828329 0.5235097392250836
-0.1033984061353579 2.4894633230529797 0.3624430447743157 -2.0857543662086826 0.5877085000159927 0.6011387899487084
-0.1793626592224580 2.3376964809437264 0.2566306736209196 -2.0183826782814611 0.5834294842079428 0.5462773120964792
-0.2447368953865591 2.1808578204283324 0.1511420779638659 -1.9509662226525371 0.5780804650274947 0.5580262648001111
-0.2996867384038165 2.0194205704285277 0.0466503124276319 -1.9021764983208225 0.5425258557233388 0.5032849980557419
-0.3475141093005861 1.8522318832752775 -0.0521448568929145 -1.8497862843840807 0.5197644982300163 0.5008121665242218
-0.3871125567403108 1.6806571161974928 -0.1469818869105575 -1.7697143265520037 0.5362612946905667 0.5313054957723571
-0.4127290197104517 1.5079138720511909 -0.2444681342827408 -1.7038823971802464 0.5252774345523230 0.5519775093083252
-0.4271897717028558 1.3327314454534285 -0.3398725579911504 -1.6589572487331332 0.4902021959985894 0.6072054042625661
-0.4343889321507202 1.1536523140003678 -0.4286353698374598 -1.6070400279101122 0.4648983850854553 0.7793504034207301
-0.4335363995032253 0.9716753238042879 -0.5116031239788176 -1.6010844847603229 0.3924764783334340 0.8737345039622815
-0.4325013534398175 0.7839486050677602 -0.5805785380918422 -1.5749369359679442 0.3380809764309705 0.8933918877615668
-0.4267322325013296 0.5927978970488673 -0.6391287222715105 -1.5367301870793006 0.2988007482212325 0.9944210605651493
-0.4144418983909273 0.3996448679805008 -0.6895356171289548 -1.4963151654001730 0.2705706054842412 1.0137992646200926
-0.3944257893266324 0.2057623937957354 -0.7343568351168678 -1.4960541524551032 0.2097985016708446 1.0940942106248954
-0.3749046478750024 0.0093884423824853 -0.7668560080720670 -1.4777546936609833 0.1753340750283914 1.2243995516736907
-0.3529352033392285 -0.1878045286360721 -0.7920011007874247 -1.5022272084924957 0.1027227697311255 1.2558871036359562
-0.3360187282617733 -0.3868067631617236 -0.8025814374905479 -1.4921426635314219 0.0448341200965348 1.2625718276314597
-0.3171408057340741 -0.5859112562850997 -0.8015690842312234 -1.5335828886008109 -0.0233739099488495 1.2433218206860950
-0.3063562109385000 -0.7850876288254288 -0.7869929003420398 -1.5531692257397334 -0.0864630751747617 1.2713290058311824
-0.2997767187252747 -0.9831185631022571 -0.7597815175829324 -1.5039953052183495 -0.1219119727035039 1.1361280102859599
-0.2822227594768836 -1.1794737348283550 -0.7260694270052120 -1.4522866093803855 -0.1496901561283170 1.0858698495328643
-0.2541910263877336 -1.3736327316055532 -0.6871270861601811 -1.3907557393631205 -0.1751336817762552 0.9853439270307511
-0.2135550553255252 -1.5645933560516228 -0.6437363294601816 -1.3991753051143587 -0.2424061743535821 1.1567825428526417
-0.1766870314022258 -1.7526459841632946 -0.5864916102951415 -1.3993065401731335 -0.2962362809271126 1.1280713149095023
-0.1401410767760168 -1.9373844429343809 -0.5191410716830212 -1.3568683496678819 -0.3364694295468906 1.0503359394091483
-0.0956669605208585 -2.1175784792357937 -0.4446282387968143 -1.3289215232541802 -0.3845391479501519 0.9118544753934241
-0.0458428746519749 -2.2927801565952453 -0.3620332467103400 -1.2763362106131337 -0.4071593582236837 0.8494788247582705
0.0130949371402350 -2.4632999231051742 -0.2757236668796786 -1.2484274612555732 -0.4522713384217552 0.8746804785223601
0.0752632170557706 -2.6282351565197080 -0.1812171922293303 -1.2447746743911927 -0.5206446169019126 0.9142761932071100
0.1354863112098302 -2.7864170388329126 -0.0746729711830307 -1.1949777774318049 -0.5491008978198400 0.7894893228858937
0.2034490896895705 -2.9385784059104281 0.0359072219367830 -1.0862053993698528 -0.5206738933876860 0.7545446284483619
0.2892478907480220 -3.0851807616798221 0.1414833320175977 -1.0414625158664688 -0.5575923760733246 0.6761323531885610
0.3801219502394744 -3.2243466135554248 0.2527252799656705 -0.9493179834406491 -0.5417347885026325 0.5558278725609016
0.4853301438201114 -3.3559847991286600 0.3604407575094557 -0.8904648733730038 -0.5567962177426993 0.5078349499545896
0.5974084554073584 -3.4799484890413277 0.4703109338767845 -0.8462308136866512 -0.5949831356429178 0.4368448508026410
0.7124967856664938 -3.5956565384409349 0.5859237512557510 -0.7935965127721691 -0.6265133256838817 0.3832180327103112
0.8312715215889339 -3.7025518385965546 0.7061982577448430 -0.7151780395997509 -0.6239199752565243 0.4403186542678110
0.9578919085909753 -3.7999889959049793 0.8265031951792915 -0.6418583312546993 -0.6211473693278258 0.2995055397948616
1.0925352739493597 -3.8881401812072776 0.9452488590780988 -0.5855647586056976 -0.6356818325014086 0.2725765615927491
1.2306503781215439 -3.9676354284410067 1.0660988639053843 -0.5336997067147755 -0.6920103719767692 0.2376817077098776
1.3668672906396693 -4.0363094922356124 1.1954388256572104 -0.4654761223598110 -0.6897638030630411 0.1678575086619984
1.5081812475188670 -4.0957409873134853 1.3238843899401120 -0.4034908025972728 -0.7157463818162548 0.2467456366844498
1.6492346183994215 -4.1449222266936854 1.4568699239513727 -0.3257340733869820 -0.6764665105588668 0.0163004643727445
1.8000370883853771 -4.1848114006716299 1.5820396840593647 -0.2576654912010010 -0.6871875247862587 -0.0475015387546924
1.9523040551924342 -4.2141249786793296 1.7083547067754499 -0.1925982570311238 -0.6918861585847269 -0.1022682775460568
2.1059203150650792 -4.2334738841644306 1.8349551197260743 -0.1271752284808865 -0.6698090286770446 -0.0951595164234891
2.2631630675830134 -4.2430751089405012 1.9581725424526635 -0.0528619141971181 -0.6870851960130624 -0.1132635500775567
2.4186539419289450 -4.2408876476403696 2.0839413899793788 0.0096392147137223 -0.6475493548347409 -0.1264537065801852
2.5786370331156681 -4.2289613911217216 2.2033699248435057 0.0779201511847112 -0.6801329722359952 -0.1988788557435273
2.7339484742135878 -4.2065428498457642 2.3273689783525775 0.1436312732011578 -0.6446802627878703 -0.2058244522050470
2.8917496242123510 -4.1733676476286901 2.4456829801314206 0.2051763053602049 -0.6269154083282564 -0.2137021433129949
3.0492941255448813 -4.1301336486531364 2.5610543432700528 0.2640299548483513 -0.5910805826347669 -0.2898643820668090
3.2083790381411337 -4.0767358172823345 2.6698691501169987 0.3065977715032835 -0.5247838301347136 -0.2412740339681587
3.3712945978545501 -4.0144987931088485 2.7677725373173057 0.3673966458606564 -0.5262554045694783 -0.2690760451672687
3.5301512780300519 -3.9425473472111792 2.8656885451855452 0.4308707318948484 -0.5247801548252262 -0.2934907701406222
3.6843965306123700 -3.8606171117293449 2.9631351386083433 0.4627327605594425 -0.4387244048088252 -0.1701850074446458
3.8422613109647625 -3.7703368229015011 3.0463708315138032 0.5234257847748962 -0.4437819286632907 -0.0745407983354469
3.9935623651502121 -3.6709663077775825 3.1314207681767936 0.5859305227669083 -0.4832257645812645 -0.2534512611381237
4.1363325052114233 -3.5640516079179205 3.2218969200667842 0.6518290449344386 -0.5090736238598472 -0.2522827833351480
4.2698396695543881 -3.4494231325161979 3.3169555845649632 0.7223480864225111 -0.5149623418377813 -0.2693959463380073
4.3946104517818165 -3.3260229727934960 3.4128964647087647 0.7783652502431475 -0.5125012138718201 -0.2708543038249420
4.5124523651923232 -3.1956631445760451 3.5083930543382769 0.8271205722432371 -0.4690579211110597 -0.3711036544913835
4.6270448888015725 -3.0566773848216506 3.5952924911509370 0.8794636863767593 -0.4560795553177415 -0.3962614500923896
4.7350627230641917 -2.9110094128871391 3.6796310317696816 0.9274829622853842 -0.4287276460815175 -0.5097441123373097
4.8379887330408629 -2.7584897439948510 3.7580146210678822 0.9937842869848890 -0.4188896262718380 -0.6168580062924796
4.9317113272665267 -2.5988506680817589 3.8337209006834172 1.0493909698293757 -0.4103912466685262 -0.6386065147747209
5.0168863156030952 -2.4337001845418089 3.9076839938338948 1.1278299303979678 -0.4196103731832643 -0.6856571635312436
5.0889041687461987 -2.2629933018544905 3.9830005858428037 1.1707313923507980 -0.3859486082060055 -0.6176096502257025
5.1540000344448798 -2.0871447939004328 4.0525694762987463 1.2484710029301720 -0.3923537220414799 -0.7409172994906843
5.2059904434204718 -1.9070909654749946 4.1224094093162797 1.2707477076488418 -0.3355029562409664 -0.7433365997191861
5.2550589330363700 -1.7224209011269713 4.1814792887855274 1.3190748175999047 -0.3081572007266265 -0.7430567467374081
5.2955314532214972 -1.5341010905270487 4.2353088721526104 1.3541623034891153 -0.2688839280722575 -0.7764573939555159
5.3300447639346675 -1.3425442199783615 4.2812957912623935 1.3753292045855581 -0.2056598650125028 -0.8907267725342778
5.3618848891749558 -1.1478416807129361 4.3141154138726288 1.4180773538314746 -0.1739773249203229 -0.9313579159557457
5.3858573629185376 -0.9510331131990133 4.3404157609374669 1.5000896121443930 -0.1707391538111485 -0.9197077882744744
5.3935345156598435 -0.7528438406506834 4.3661465512974713 1.5180128790198104 -0.1177690339244961 -0.8709982916034180
5.3973163458975177 -0.5534824461046926 4.3816620959134740 1.5778774587638296 -0.0986601800895657 -0.8376967123655756
5.3888993049268121 -0.3540162456943157 4.3935947534190278 1.5840025092173828 -0.0247782663062015 -0.8287742519700476
5.3791871506289350 -0.1542713318688366 4.3908300726515321 1.6062288582061761 0.0357719121294404 -0.8375142760186121
5.3651247994059164 0.0446753764314054 4.3759150622734300 1.6507890961182081 0.0708695320870536 -0.9017466276823178
5.3427803040471673 0.2421645610166077 4.3535824516102144 1.6804031418009027 0.1148352203467602 -0.9304387083085239
5.3149654552356855 0.4377443035376638 4.3223590869454034 1.7013438148900502 0.1673259033482011 -0.9592120712763927
5.2835558999708025 0.6308075017613638 4.2806452843172726 1.7242192498982032 0.2079288369393799 -0.8815281783558300
5.2473670526017013 0.8212707078673447 4.2315114421519535 1.8125420263659304 0.2038337410887938 -0.8074416026827893
5.1938833762927592 1.0079555689177928 4.1836756916816702 1.8449539139892916 0.2463681474863844 -0.6984803394039019
5.1341709385638792 1.1906663690741011 4.1284381294009522 1.9029599878190417 0.2611072454989230 -0.7316562471969204
5.0644761171308756 1.3688290467186985 4.0701226755321116 1.9454473786324389 0.2901276932815851 -0.7182301264635025
4.9878277422599684 1.5422149504463118 4.0063860689531001 1.9785743988781999 0.3300649295981324 -0.6316114328679161
4.9059369440089595 1.7104782422951168 3.9358073060139809 2.0477014871735699 0.3346888984955716 -0.6171057252143410
4.8126727328337520 1.8723867940907637 3.8644812394653298 2.1202142999639548 0.3305175194157344 -0.5299026009030872
4.7072168087844455 2.0273189040018811 3.7946593990327235 2.1263679303265679 0.4278778136450447 -0.3656606153284470
4.6038863671556731 2.1752331543211434 3.7083796541020999 2.2015603786352802 0.3937356826453602 -0.3440922521354675
4.4879500513400092 2.3172801105845791 3.6284957828176894 2.2614205743124387 0.3665553216548063 -0.1997749581518113
4.3617392029537907 2.4539016230902160 3.5549744657028346 2.3107493887694748 0.4157136439115301 -0.2173629239917547
4.2316095878726534 2.5812719460220079 3.4722515298562024 2.3701701030219526 0.4185307220035046 -0.2243303317125847
4.0943451112273035 2.7005179547549463 3.3889517528304380 2.4423873940275564 0.3767585516188681 -0.2171742201772324
3.9462619866909798 2.8116905801012706 3.3133737427933552 2.5054160226101327 0.3379587784712115 -0.2380101902140597
3.7893101520055064 2.9149719931562341 3.2448239703193793 2.5603968487921023 0.3442650948754018 -0.2136165688197673
3.6271826943575545 3.0092312885302093 3.1753266846730082 2.6092290507144771 0.3744311183486606 -0.3281966454437946
3.4630536741614328 3.0944191174914972 3.0991381125225637 2.6578215528080040 0.4002429216334660 -0.3500102597771848
3.2968852777974971 3.1706191044140466 3.0180108911795318 2.7108714068216617 0.4256235666159225 -0.3686616473723419
3.1289315942135416 3.2370475256499831 2.9321108037367272 2.7834213612334890 0.4226739833874462 -0.3787864234721612
2.9564194874268339 3.2912374494303354 2.8466530646331725 2.8455149822743504 0.4244866409014558 -0.3604897966740430
2.7809350720281656 3.3345279168324309 2.7610308982024185 2.9134844382213174 0.4193478073011732 -0.2799675260066836
2.6021122278544873 3.3657142550359462 2.6770677949302528 2.9763969083694679 0.4100746378206699 -0.2586519803593292
2.4208277959733402 3.3856784299572595 2.5949862106543566 3.0283284198294709 0.4358152048425921 -0.1847611353924599
2.2405748347931467 3.3958270047021322 2.5089288087854915 3.0862286623324078 0.4156569298835762 -0.1737251992901805
2.0582942612041895 3.3956036517010695 2.4266260591016704 -3.1311707505791966 0.3785692456110117 -0.1323324284731995
1.8733387002179034 3.3832997543318433 2.3515257623660664 -3.0745448301450584 0.3899613216068176 -0.1926319679814417
1.6904708985949664 3.3607237373587235 2.2737460054416356 -3.0215280582905262 0.4369699268893776 -0.1285004749902412
1.5126213026778776 3.3288109293033257 2.1880074848447206 -2.9598339450361562 0.4314624846508002 -0.0996768470522453
1.3364988426918782 3.2858522239143202 2.1035360179474263 -2.9080977822954006 0.4971701461543905 -0.1354693315399609
1.1687719078771375 3.2353006656177903 2.0070361977846702 -2.8544437748737312 0.5195823317813435 -0.1372248658663584
1.0061214551556983 3.1764568281344849 1.9066258745118652 -2.7778649000578408 0.4262701544512746 -0.1332335377232337
0.8403936494381955 3.1022694307918166 1.8227776515874483 -2.7132058663260512 0.4107840411555790 -0.1129254799706883
0.6785785864642275 3.0169396496873908 1.7419400746111340 -2.6565666567786388 0.4324517620188035 -0.0853464573833578
0.5233476045847346 2.9233416800944370 1.6574252099256539 -2.6032137915137001 0.4969520833290639 0.0184402630571436
0.3779032100811014 2.8242884343323751 1.5623758405880717 -2.5411127277282133 0.4889066164912630 -0.0178261463091971
0.2384074533566590 2.7160714413874083 1.4684076742027250 -2.4811939358879611 0.4980417606662733 0.0369189002777954
0.1061066119220915 2.6000627469874202 1.3733368049560646 -2.4229588434272697 0.5048722162168025 0.0272459118482016
-0.0186871437309034 2.4770105081482061 1.2769798380741748 -2.3549716822791202 0.5518118661409712 0.1154350797276078
-0.1318911946991642 2.3488069230237119 1.1733039797193872 -2.3015049000360377 0.5207029927570384 0.2349050364564058
-0.2407499547389903 2.2120862569007622 1.0760556901843601 -2.2546158662031028 0.4749949462761256 0.2298602690400324
-0.3457485330855273 2.0671207984833608 0.9868350960872641 -2.1987831697455533 0.4650056836404097 0.2748842636698834
-0.4432277034722092 1.9157114914031399 0.8998119206096269 -2.1520349508814891 0.4242394909346712 0.2049597051255820
-0.5350841505269270 1.7572219859283429 0.8195406942029119 -2.1131044625015494 0.3483186186390523 0.1254254945633813
-0.6233110372179503 1.5906832390030095 0.7526014513229009 -2.0572652509724594 0.3466754836670494 0.0366917443208115
-0.7019436944371590 1.4196259084458087 0.6851011188697125 -2.0016342434575938 0.3131797194548494 0.0573363695817410
-0.7718805666963216 1.2424466955016042 0.6241391602473236 -1.9473593940236020 0.3099190011576427 0.0527473271900778
-0.8321676894600308 1.0615631515637991 0.5637520228638249 -1.8930764444423802 0.3062220686756367 -0.0564750803407006
-0.8825151535979984 0.8777919775040715 0.5029795912884355 -1.8337690651936276 0.2701172006311388 -0.0458021804497233
-0.9224217512068358 0.6893308871524790 0.4492219788900481 -1.7818948466337450 0.2845706782233379 -0.0652463285382718
-0.9523348610204541 0.4998916184993744 0.3924948305970549 -1.7325050752810449 0.2879926611228467 -0.0159800431290202
-0.9728303984108213 0.3092514555438287 0.3356066840693021 -1.6790066619213648 0.2395299521911247 0.0597095481156895
-0.9834133926425779 0.1150868965862291 0.2888292933993273 -1.6228699665512105 0.2556388909027079 0.0360686839977138
-0.9830300695221038 -0.0785261503520604 0.2386910732608242 -1.5672326006631194 0.2260894248265446 0.0306074220897070
-0.9718739382513674 -0.2732024123222426 0.1942310489649796 -1.5145704535472406 0.2452047901139549 -0.1278996898138392
-0.9506387463627274 -0.4657408634852626 0.1444514201074034 -1.4597019376472034 0.2161497139617064 -0.0833388204992453
-0.9186653419208497 -0.6582745056071548 0.1007650599972357 -1.3984965456974083 0.1916367351780681 -0.1732619864335407
-0.8749506022541395 -0.8493346799802430 0.0609526083721863 -1.3504852729160488 0.2324625100884923 -0.1216722765414766
-0.8224031521349031 -1.0364346293776787 0.0137045986633813 -1.3073324263578321 0.2673891503719341 -0.1089218467701794
-0.7622697790366124 -1.2194161363290803 -0.0401632540283305 -1.2489221041705669 0.2749928614885011 -0.0840203455970197
-0.6916422548065007 -1.3982402290859259 -0.0952422579301449 -1.1861855716044281 0.2635472840390776 -0.0030394397646210
-0.6095934927718505 -1.5730477893117429 -0.1473029680336259 -1.1276533430807518 0.2989361353941993 -0.0478709283658398
-0.5183708027240184 -1.7408634223910406 -0.2066016536398995 -1.0742274144817117 0.3249511839752071 0.0667230533695373
-0.4189100347232869 -1.9024972271303453 -0.2697052889884354 -1.0170000249076221 0.3286615127563430 0.2387817415393445
-0.3104220746517147 -2.0586094156529238 -0.3318289327498880 -0.9762140048919736 0.2512103134942909 0.3273811752785423
-0.1933756918538360 -2.2140069603655461 -0.3782158637889316 -0.9174364152410601 0.2464837032694063 0.4252980991265236
-0.0674285106066971 -2.3628462514812991 -0.4227599201383536 -0.8594269505885350 0.2393149369240093 0.3922813640332525
0.0671962514989795 -2.5042246209205565 -0.4662148402589439 -0.7949121585056274 0.2440192253857849 0.4355341791060203
0.2104511062599708 -2.6366811422704477 -0.5101843358131705 -0.7609309429695612 0.2062451566266890 0.3759557004579457
0.3593100364026845 -2.7649842406307257 -0.5473237201365480 -0.6965770996736742 0.2240682066359292 0.4937086087213252
0.5154377834440300 -2.8835613456926286 -0.5868660614801261 -0.6504603585104896 0.1897598607612063 0.4935656581927272
0.6778539118490123 -2.9955656803261701 -0.6196689616146256 -0.6123259857445484 0.1488018667052513 0.5197486660441166
0.8453386519862491 -3.1021027085648867 -0.6441377873981652 -0.5864748286268653 0.0857930302497203 0.4548814925727265
1.0166098818474008 -3.2046166613851770 -0.6566699579606766 -0.5008456592324304 0.1431703582448773 0.4558850092978095
1.1951017952024248 -3.2916091801463141 -0.6806060927041101 -0.4554608658021460 0.1089758488668293 0.4923787810528455
