% Columns are: x(m) y(m) z(m) yaw(rad) pitch(rad) roll(rad)
% File generated with MRPT MRPT 0.9.0 at 2010/06/02,14:59:42.647294
%-----------------------------------------------------------------
0.0000000000000000 0.0000000000000000 0.0000000000000000 0.0000000000000000 0.0000000000000000 0.0000000000000000
0.0000000000000000 0.0000000000000000 0.0000000000000000 0.0000000000000000 0.0000000000000000 0.0000000000000000
0.0000000000000000 0.0000000000000000 0.0000000000000000 0.0000000000000000 0.0000000000000000 0.0000000000000000
0.0000000000000000 0.0000000000000000 0.0000000000000000 0.0000000000000000 0.0000000000000000 0.0000000000000000
0.0000000000000000 0.0000000000000000 0.0000000000000000 0.0000000000000000 0.0000000000000000 0.0000000000000000
0.2000000029802322 0.0000000000000000 0.0000000000000000 0.0000000000000000 0.0000000000000000 0.0000000000000000
0.4000000059604645 0.0000000000000000 0.0000000000000000 0.0000000000000000 0.0000000000000000 0.0000000000000000
0.6000000089406967 0.0000000000000000 0.0000000000000000 0.0000000000000000 0.0000000000000000 0.0000000000000000
0.8000000119209290 0.0000000000000000 0.0000000000000000 0.0000000000000000 0.0000000000000000 0.0000000000000000
1.0000000149011612 0.0000000000000000 0.0000000000000000 0.0000000000000000 0.0000000000000000 0.0000000000000000
1.2000000178813934 0.0000000000000000 0.0000000000000000 0.0000000000000000 0.0000000000000000 0.0000000000000000
1.4000000208616257 0.0000000000000000 0.0000000000000000 0.0000000000000000 0.0000000000000000 0.0000000000000000
1.6000000238418579 0.0000000000000000 0.0000000000000000 0.0000000000000000 0.0000000000000000 0.0000000000000000
1.8000000268220901 0.0000000000000000 0.0000000000000000 0.0000000000000000 0.0000000000000000 0.0000000000000000
2.0000000298023224 0.0000000000000000 0.0000000000000000 0.0000000000000000 0.0000000000000000 0.0000000000000000
2.2000000327825546 0.0000000000000000 0.0000000000000000 0.0000000000000000 0.0000000000000000 0.0000000000000000
2.4000000357627869 0.0000000000000000 0.0000000000000000 0.0000000000000000 0.0000000000000000 0.0000000000000000
2.6000000387430191 0.0000000000000000 0.0000000000000000 0.0000000000000000 0.0000000000000000 0.0000000000000000
2.8000000417232513 0.0000000000000000 0.0000000000000000 0.0000000000000000 0.0000000000000000 0.0000000000000000
3.0000000447034836 0.0000000000000000 0.0000000000000000 0.0000000000000000 0.0000000000000000 0.0000000000000000
3.2000000476837158 0.0000000000000000 0.0000000000000000 0.0000000000000000 0.0000000000000000 0.0000000000000000
3.4000000506639481 0.0000000000000000 0.0000000000000000 0.0000000000000000 0.0000000000000000 0.0000000000000000
3.6000000536441803 0.0000000000000000 0.0000000000000000 0.0000000000000000 0.0000000000000000 0.0000000000000000
3.8000000566244125 0.0000000000000000 0.0000000000000000 0.0000000000000000 0.0000000000000000 0.0000000000000000
4.0000000596046448 0.0000000000000000 0.0000000000000000 0.0000000000000000 0.0000000000000000 0.0000000000000000
4.2000000625848770 0.0000000000000000 0.0000000000000000 0.0000000000000000 0.0000000000000000 0.0000000000000000
4.4000000655651093 0.0000000000000000 0.0000000000000000 0.0000000000000000 0.0000000000000000 0.0000000000000000
4.6000000685453415 0.0000000000000000 0.0000000000000000 0.0000000000000000 0.0000000000000000 0.0000000000000000
4.8000000715255737 0.0000000000000000 0.0000000000000000 0.0000000000000000 0.0000000000000000 0.0000000000000000
5.0000000745058060 0.0000000000000000 0.0000000000000000 0.0000000000000000 0.0000000000000000 0.0000000000000000
5.2000000774860382 0.0000000000000000 0.0000000000000000 0.0000000000000000 0.0000000000000000 0.0000000000000000
5.4000000804662704 0.0000000000000000 0.0000000000000000 0.0000000000000000 0.0000000000000000 0.0000000000000000
5.6000000834465027 0.0000000000000000 0.0000000000000000 0.0000000000000000 0.0000000000000000 0.0000000000000000
5.8000000864267349 0.0000000000000000 0.0000000000000000 0.0000000000000000 0.0000000000000000 0.0000000000000000
6.0000000894069672 0.0000000000000000 0.0000000000000000 0.0000000000000000 0.0000000000000000 0.0000000000000000
6.2000000923871994 0.0000000000000000 0.0000000000000000 0.0000000000000000 0.0000000000000000 0.0000000000000000
6.4000000953674316 0.0000000000000000 0.0000000000000000 0.0000000000000000 0.0000000000000000 0.0000000000000000
6.6000000983476639 0.0000000000000000 0.0000000000000000 0.0000000000000000 0.0000000000000000 0.0000000000000000
6.8000001013278961 0.0000000000000000 0.0000000000000000 0.0000000000000000 0.0000000000000000 0.0000000000000000
7.0000001043081284 0.0000000000000000 0.0000000000000000 0.0000000000000000 0.0000000000000000 0.0000000000000000
7.2000001072883606 0.0000000000000000 0.0000000000000000 0.0000000000000000 0.0000000000000000 0.0000000000000000
7.4000001102685928 0.0000000000000000 0.0000000000000000 0.0000000000000000 0.0000000000000000 0.0000000000000000
7.6000001132488251 0.0000000000000000 0.0000000000000000 0.0000000000000000 0.0000000000000000 0.0000000000000000
7.8000001162290573 0.0000000000000000 0.0000000000000000 0.0000000000000000 0.0000000000000000 0.0000000000000000
8.0000001192092896 0.0000000000000000 0.0000000000000000 0.0000000000000000 0.0000000000000000 0.0000000000000000
8.2000001221895218 0.0000000000000000 0.0000000000000000 0.0000000000000000 0.0000000000000000 0.0000000000000000
8.4000001251697540 0.0000000000000000 0.0000000000000000 0.0000000000000000 0.0000000000000000 0.0000000000000000
8.4000001251697540 0.0000000000000000 0.0000000000000000 0.3926990926265717 0.0000000000000000 0.0000000000000000
8.4000001251697540 0.0000000000000000 0.0000000000000000 0.7853981852531433 0.0000000000000000 0.0000000000000000
8.4000001251697540 0.0000000000000000 0.0000000000000000 1.1780972778797150 0.0000000000000000 0.0000000000000000
8.4000001251697540 0.0000000000000000 0.0000000000000000 1.5707963705062866 0.0000000000000000 0.0000000000000000
8.4000001164274760 0.2000000029802320 0.0000000000000000 1.5707963705062866 0.0000000000000000 0.0000000000000000
8.4000001076851980 0.4000000059604641 0.0000000000000000 1.5707963705062866 0.0000000000000000 0.0000000000000000
8.4000000989429200 0.6000000089406962 0.0000000000000000 1.5707963705062866 0.0000000000000000 0.0000000000000000
8.4000000902006420 0.8000000119209282 0.0000000000000000 1.5707963705062866 0.0000000000000000 0.0000000000000000
8.4000000814583640 1.0000000149011603 0.0000000000000000 1.5707963705062866 0.0000000000000000 0.0000000000000000
8.4000000727160860 1.2000000178813923 0.0000000000000000 1.5707963705062866 0.0000000000000000 0.0000000000000000
8.4000000639738079 1.4000000208616243 0.0000000000000000 1.5707963705062866 0.0000000000000000 0.0000000000000000
8.4000000552315299 1.6000000238418564 0.0000000000000000 1.5707963705062866 0.0000000000000000 0.0000000000000000
8.4000000464892519 1.8000000268220884 0.0000000000000000 1.5707963705062866 0.0000000000000000 0.0000000000000000
8.4000000377469739 2.0000000298023206 0.0000000000000000 1.5707963705062866 0.0000000000000000 0.0000000000000000
8.4000000290046959 2.2000000327825529 0.0000000000000000 1.5707963705062866 0.0000000000000000 0.0000000000000000
8.4000000202624179 2.4000000357627851 0.0000000000000000 1.5707963705062866 0.0000000000000000 0.0000000000000000
8.4000000115201399 2.6000000387430173 0.0000000000000000 1.5707963705062866 0.0000000000000000 0.0000000000000000
8.4000000027778619 2.8000000417232496 0.0000000000000000 1.5707963705062866 0.0000000000000000 0.0000000000000000
8.3999999940355838 3.0000000447034818 0.0000000000000000 1.5707963705062866 0.0000000000000000 0.0000000000000000
8.3999999852933058 3.2000000476837140 0.0000000000000000 1.5707963705062866 0.0000000000000000 0.0000000000000000
8.3999999765510278 3.4000000506639463 0.0000000000000000 1.5707963705062866 0.0000000000000000 0.0000000000000000
8.3999999678087498 3.6000000536441785 0.0000000000000000 1.5707963705062866 0.0000000000000000 0.0000000000000000
8.3999999590664718 3.8000000566244108 0.0000000000000000 1.5707963705062866 0.0000000000000000 0.0000000000000000
8.3999999503241938 4.0000000596046430 0.0000000000000000 1.5707963705062866 0.0000000000000000 0.0000000000000000
8.3999999415819158 4.2000000625848752 0.0000000000000000 1.5707963705062866 0.0000000000000000 0.0000000000000000
8.3999999328396378 4.4000000655651075 0.0000000000000000 1.5707963705062866 0.0000000000000000 0.0000000000000000
8.3999999240973597 4.6000000685453397 0.0000000000000000 1.5707963705062866 0.0000000000000000 0.0000000000000000
8.3999999153550817 4.8000000715255720 0.0000000000000000 1.5707963705062866 0.0000000000000000 0.0000000000000000
8.3999999066128037 5.0000000745058042 0.0000000000000000 1.5707963705062866 0.0000000000000000 0.0000000000000000
8.3999998978705257 5.2000000774860364 0.0000000000000000 1.5707963705062866 0.0000000000000000 0.0000000000000000
8.3999998891282477 5.4000000804662687 0.0000000000000000 1.5707963705062866 0.0000000000000000 0.0000000000000000
8.3999998803859697 5.6000000834465009 0.0000000000000000 1.5707963705062866 0.0000000000000000 0.0000000000000000
8.3999998716436917 5.8000000864267331 0.0000000000000000 1.5707963705062866 0.0000000000000000 0.0000000000000000
8.3999998629014136 6.0000000894069654 0.0000000000000000 1.5707963705062866 0.0000000000000000 0.0000000000000000
8.3999998541591356 6.2000000923871976 0.0000000000000000 1.5707963705062866 0.0000000000000000 0.0000000000000000
8.3999998454168576 6.4000000953674299 0.0000000000000000 1.5707963705062866 0.0000000000000000 0.0000000000000000
8.3999998366745796 6.6000000983476621 0.0000000000000000 1.5707963705062866 0.0000000000000000 0.0000000000000000
8.3999998279323016 6.8000001013278943 0.0000000000000000 1.5707963705062866 0.0000000000000000 0.0000000000000000
8.3999998191900236 7.0000001043081266 0.0000000000000000 1.5707963705062866 0.0000000000000000 0.0000000000000000
8.3999998104477456 7.2000001072883588 0.0000000000000000 1.5707963705062866 0.0000000000000000 0.0000000000000000
8.3999998017054676 7.4000001102685911 0.0000000000000000 1.5707963705062866 0.0000000000000000 0.0000000000000000
8.3999997929631895 7.6000001132488233 0.0000000000000000 1.5707963705062866 0.0000000000000000 0.0000000000000000
8.3999997842209115 7.8000001162290555 0.0000000000000000 1.5707963705062866 0.0000000000000000 0.0000000000000000
8.3999997754786335 8.0000001192092878 0.0000000000000000 1.5707963705062866 0.0000000000000000 0.0000000000000000
8.3999997667363555 8.2000001221895200 0.0000000000000000 1.5707963705062866 0.0000000000000000 0.0000000000000000
8.3999997579940775 8.4000001251697523 0.0000000000000000 1.5707963705062866 0.0000000000000000 0.0000000000000000
8.3999997492517995 8.6000001281499845 0.0000000000000000 1.5707963705062866 0.0000000000000000 0.0000000000000000
8.3999997405095215 8.8000001311302167 0.0000000000000000 1.5707963705062866 0.0000000000000000 0.0000000000000000
8.3999997317672435 9.0000001341104490 0.0000000000000000 1.5707963705062866 0.0000000000000000 0.0000000000000000
8.3999997230249654 9.2000001370906812 0.0000000000000000 1.5707963705062866 0.0000000000000000 0.0000000000000000
8.3999997230249654 9.2000001370906812 0.0000000000000000 1.9634954631328583 0.0000000000000000 0.0000000000000000
8.3999997230249654 9.2000001370906812 0.0000000000000000 2.3561945557594299 0.0000000000000000 0.0000000000000000
8.3999997230249654 9.2000001370906812 0.0000000000000000 2.7488936483860016 0.0000000000000000 0.0000000000000000
8.3999997230249654 9.2000001370906812 0.0000000000000000 -3.1415925661670134 0.0000000000000000 0.0000000000000000
8.1999997200447332 9.2000001196061252 0.0000000000000000 -3.1415925661670134 0.0000000000000000 0.0000000000000000
7.9999997170645019 9.2000001021215692 0.0000000000000000 -3.1415925661670134 0.0000000000000000 0.0000000000000000
7.7999997140842705 9.2000000846370131 0.0000000000000000 -3.1415925661670134 0.0000000000000000 0.0000000000000000
7.5999997111040392 9.2000000671524571 0.0000000000000000 -3.1415925661670134 0.0000000000000000 0.0000000000000000
7.3999997081238078 9.2000000496679011 0.0000000000000000 -3.1415925661670134 0.0000000000000000 0.0000000000000000
7.1999997051435765 9.2000000321833451 0.0000000000000000 -3.1415925661670134 0.0000000000000000 0.0000000000000000
6.9999997021633451 9.2000000146987890 0.0000000000000000 -3.1415925661670134 0.0000000000000000 0.0000000000000000
6.7999996991831138 9.1999999972142330 0.0000000000000000 -3.1415925661670134 0.0000000000000000 0.0000000000000000
6.5999996962028824 9.1999999797296770 0.0000000000000000 -3.1415925661670134 0.0000000000000000 0.0000000000000000
6.3999996932226511 9.1999999622451210 0.0000000000000000 -3.1415925661670134 0.0000000000000000 0.0000000000000000
6.1999996902424197 9.1999999447605649 0.0000000000000000 -3.1415925661670134 0.0000000000000000 0.0000000000000000
5.9999996872621884 9.1999999272760089 0.0000000000000000 -3.1415925661670134 0.0000000000000000 0.0000000000000000
5.7999996842819570 9.1999999097914529 0.0000000000000000 -3.1415925661670134 0.0000000000000000 0.0000000000000000
5.5999996813017257 9.1999998923068969 0.0000000000000000 -3.1415925661670134 0.0000000000000000 0.0000000000000000
5.3999996783214943 9.1999998748223408 0.0000000000000000 -3.1415925661670134 0.0000000000000000 0.0000000000000000
5.1999996753412630 9.1999998573377848 0.0000000000000000 -3.1415925661670134 0.0000000000000000 0.0000000000000000
4.9999996723610316 9.1999998398532288 0.0000000000000000 -3.1415925661670134 0.0000000000000000 0.0000000000000000
4.7999996693808002 9.1999998223686728 0.0000000000000000 -3.1415925661670134 0.0000000000000000 0.0000000000000000
4.5999996664005689 9.1999998048841167 0.0000000000000000 -3.1415925661670134 0.0000000000000000 0.0000000000000000
4.3999996634203375 9.1999997873995607 0.0000000000000000 -3.1415925661670134 0.0000000000000000 0.0000000000000000
4.1999996604401062 9.1999997699150047 0.0000000000000000 -3.1415925661670134 0.0000000000000000 0.0000000000000000
3.9999996574598748 9.1999997524304487 0.0000000000000000 -3.1415925661670134 0.0000000000000000 0.0000000000000000
3.7999996544796435 9.1999997349458926 0.0000000000000000 -3.1415925661670134 0.0000000000000000 0.0000000000000000
3.5999996514994121 9.1999997174613366 0.0000000000000000 -3.1415925661670134 0.0000000000000000 0.0000000000000000
3.3999996485191808 9.1999996999767806 0.0000000000000000 -3.1415925661670134 0.0000000000000000 0.0000000000000000
3.1999996455389494 9.1999996824922246 0.0000000000000000 -3.1415925661670134 0.0000000000000000 0.0000000000000000
2.9999996425587181 9.1999996650076685 0.0000000000000000 -3.1415925661670134 0.0000000000000000 0.0000000000000000
2.7999996395784867 9.1999996475231125 0.0000000000000000 -3.1415925661670134 0.0000000000000000 0.0000000000000000
2.5999996365982554 9.1999996300385565 0.0000000000000000 -3.1415925661670134 0.0000000000000000 0.0000000000000000
2.3999996336180240 9.1999996125540004 0.0000000000000000 -3.1415925661670134 0.0000000000000000 0.0000000000000000
2.1999996306377927 9.1999995950694444 0.0000000000000000 -3.1415925661670134 0.0000000000000000 0.0000000000000000
1.9999996276575611 9.1999995775848884 0.0000000000000000 -3.1415925661670134 0.0000000000000000 0.0000000000000000
1.7999996246773295 9.1999995601003324 0.0000000000000000 -3.1415925661670134 0.0000000000000000 0.0000000000000000
1.5999996216970980 9.1999995426157763 0.0000000000000000 -3.1415925661670134 0.0000000000000000 0.0000000000000000
1.3999996187168664 9.1999995251312203 0.0000000000000000 -3.1415925661670134 0.0000000000000000 0.0000000000000000
1.1999996157366348 9.1999995076466643 0.0000000000000000 -3.1415925661670134 0.0000000000000000 0.0000000000000000
0.9999996127564034 9.1999994901621083 0.0000000000000000 -3.1415925661670134 0.0000000000000000 0.0000000000000000
0.7999996097761719 9.1999994726775522 0.0000000000000000 -3.1415925661670134 0.0000000000000000 0.0000000000000000
0.5999996067959404 9.1999994551929962 0.0000000000000000 -3.1415925661670134 0.0000000000000000 0.0000000000000000
0.3999996038157090 9.1999994377084402 0.0000000000000000 -3.1415925661670134 0.0000000000000000 0.0000000000000000
0.1999996008354775 9.1999994202238842 0.0000000000000000 -3.1415925661670134 0.0000000000000000 0.0000000000000000
-0.0000004021447540 9.1999994027393281 0.0000000000000000 -3.1415925661670134 0.0000000000000000 0.0000000000000000
-0.2000004051249855 9.1999993852547721 0.0000000000000000 -3.1415925661670134 0.0000000000000000 0.0000000000000000
-0.4000004081052170 9.1999993677702161 0.0000000000000000 -3.1415925661670134 0.0000000000000000 0.0000000000000000
-0.6000004110854484 9.1999993502856601 0.0000000000000000 -3.1415925661670134 0.0000000000000000 0.0000000000000000
-0.8000004140656799 9.1999993328011040 0.0000000000000000 -3.1415925661670134 0.0000000000000000 0.0000000000000000
-0.8000004140656799 9.1999993328011040 0.0000000000000000 -2.7488934735404418 0.0000000000000000 0.0000000000000000
-0.8000004140656799 9.1999993328011040 0.0000000000000000 -2.3561943809138701 0.0000000000000000 0.0000000000000000
-0.8000004140656799 9.1999993328011040 0.0000000000000000 -1.9634952882872985 0.0000000000000000 0.0000000000000000
-0.8000004140656799 9.1999993328011040 0.0000000000000000 -1.5707961956607268 0.0000000000000000 0.0000000000000000
-0.8000003878388455 8.9999993298208736 0.0000000000000000 -1.5707961956607268 0.0000000000000000 0.0000000000000000
-0.8000003616120112 8.7999993268406431 0.0000000000000000 -1.5707961956607268 0.0000000000000000 0.0000000000000000
-0.8000003353851768 8.5999993238604127 0.0000000000000000 -1.5707961956607268 0.0000000000000000 0.0000000000000000
-0.8000003091583424 8.3999993208801822 0.0000000000000000 -1.5707961956607268 0.0000000000000000 0.0000000000000000
-0.8000002829315080 8.1999993178999517 0.0000000000000000 -1.5707961956607268 0.0000000000000000 0.0000000000000000
-0.8000002567046737 7.9999993149197213 0.0000000000000000 -1.5707961956607268 0.0000000000000000 0.0000000000000000
-0.8000002304778393 7.7999993119394908 0.0000000000000000 -1.5707961956607268 0.0000000000000000 0.0000000000000000
-0.8000002042510049 7.5999993089592603 0.0000000000000000 -1.5707961956607268 0.0000000000000000 0.0000000000000000
-0.8000001780241706 7.3999993059790299 0.0000000000000000 -1.5707961956607268 0.0000000000000000 0.0000000000000000
-0.8000001517973362 7.1999993029987994 0.0000000000000000 -1.5707961956607268 0.0000000000000000 0.0000000000000000
-0.8000001255705018 6.9999993000185690 0.0000000000000000 -1.5707961956607268 0.0000000000000000 0.0000000000000000
-0.8000000993436674 6.7999992970383385 0.0000000000000000 -1.5707961956607268 0.0000000000000000 0.0000000000000000
-0.8000000731168331 6.5999992940581080 0.0000000000000000 -1.5707961956607268 0.0000000000000000 0.0000000000000000
-0.8000000468899987 6.3999992910778776 0.0000000000000000 -1.5707961956607268 0.0000000000000000 0.0000000000000000
-0.8000000206631643 6.1999992880976471 0.0000000000000000 -1.5707961956607268 0.0000000000000000 0.0000000000000000
-0.7999999944363300 5.9999992851174166 0.0000000000000000 -1.5707961956607268 0.0000000000000000 0.0000000000000000
-0.7999999682094956 5.7999992821371862 0.0000000000000000 -1.5707961956607268 0.0000000000000000 0.0000000000000000
-0.7999999419826612 5.5999992791569557 0.0000000000000000 -1.5707961956607268 0.0000000000000000 0.0000000000000000
-0.7999999157558269 5.3999992761767253 0.0000000000000000 -1.5707961956607268 0.0000000000000000 0.0000000000000000
-0.7999998895289925 5.1999992731964948 0.0000000000000000 -1.5707961956607268 0.0000000000000000 0.0000000000000000
-0.7999998633021581 4.9999992702162643 0.0000000000000000 -1.5707961956607268 0.0000000000000000 0.0000000000000000
-0.7999998370753237 4.7999992672360339 0.0000000000000000 -1.5707961956607268 0.0000000000000000 0.0000000000000000
-0.7999998108484894 4.5999992642558034 0.0000000000000000 -1.5707961956607268 0.0000000000000000 0.0000000000000000
-0.7999997846216550 4.3999992612755729 0.0000000000000000 -1.5707961956607268 0.0000000000000000 0.0000000000000000
-0.7999997583948206 4.1999992582953425 0.0000000000000000 -1.5707961956607268 0.0000000000000000 0.0000000000000000
-0.7999997321679863 3.9999992553151120 0.0000000000000000 -1.5707961956607268 0.0000000000000000 0.0000000000000000
-0.7999997059411519 3.7999992523348816 0.0000000000000000 -1.5707961956607268 0.0000000000000000 0.0000000000000000
-0.7999996797143175 3.5999992493546511 0.0000000000000000 -1.5707961956607268 0.0000000000000000 0.0000000000000000
-0.7999996534874831 3.3999992463744206 0.0000000000000000 -1.5707961956607268 0.0000000000000000 0.0000000000000000
-0.7999996272606488 3.1999992433941902 0.0000000000000000 -1.5707961956607268 0.0000000000000000 0.0000000000000000
-0.7999996010338144 2.9999992404139597 0.0000000000000000 -1.5707961956607268 0.0000000000000000 0.0000000000000000
-0.7999995748069800 2.7999992374337292 0.0000000000000000 -1.5707961956607268 0.0000000000000000 0.0000000000000000
-0.7999995485801457 2.5999992344534988 0.0000000000000000 -1.5707961956607268 0.0000000000000000 0.0000000000000000
-0.7999995223533113 2.3999992314732683 0.0000000000000000 -1.5707961956607268 0.0000000000000000 0.0000000000000000
-0.7999994961264769 2.1999992284930379 0.0000000000000000 -1.5707961956607268 0.0000000000000000 0.0000000000000000
-0.7999994698996425 1.9999992255128074 0.0000000000000000 -1.5707961956607268 0.0000000000000000 0.0000000000000000
-0.7999994436728082 1.7999992225325769 0.0000000000000000 -1.5707961956607268 0.0000000000000000 0.0000000000000000
-0.7999994174459738 1.5999992195523465 0.0000000000000000 -1.5707961956607268 0.0000000000000000 0.0000000000000000
-0.7999993912191394 1.3999992165721160 0.0000000000000000 -1.5707961956607268 0.0000000000000000 0.0000000000000000
-0.7999993649923051 1.1999992135918855 0.0000000000000000 -1.5707961956607268 0.0000000000000000 0.0000000000000000
-0.7999993387654707 0.9999992106116551 0.0000000000000000 -1.5707961956607268 0.0000000000000000 0.0000000000000000
-0.7999993125386363 0.7999992076314246 0.0000000000000000 -1.5707961956607268 0.0000000000000000 0.0000000000000000
-0.7999992863118019 0.5999992046511942 0.0000000000000000 -1.5707961956607268 0.0000000000000000 0.0000000000000000
-0.7999992600849676 0.3999992016709636 0.0000000000000000 -1.5707961956607268 0.0000000000000000 0.0000000000000000
-0.7999992338581332 0.1999991986907331 0.0000000000000000 -1.5707961956607268 0.0000000000000000 0.0000000000000000
-0.7999992076312988 -0.0000008042894974 0.0000000000000000 -1.5707961956607268 0.0000000000000000 0.0000000000000000
-0.7999992076312988 -0.0000008042894974 0.0000000000000000 -1.1780971030341552 0.0000000000000000 0.0000000000000000
-0.7999992076312988 -0.0000008042894974 0.0000000000000000 -0.7853980104075835 0.0000000000000000 0.0000000000000000
-0.7999992076312988 -0.0000008042894974 0.0000000000000000 -0.3926989177810118 0.0000000000000000 0.0000000000000000
-0.7999992076312988 -0.0000008042894974 0.0000000000000000 0.0000001748455598 0.0000000000000000 0.0000000000000000
-0.5999992046510696 -0.0000007693203849 0.0000000000000000 0.0000001748455598 0.0000000000000000 0.0000000000000000
-0.3999992016708404 -0.0000007343512724 0.0000000000000000 0.0000001748455598 0.0000000000000000 0.0000000000000000
-0.1999991986906112 -0.0000006993821599 0.0000000000000000 0.0000001748455598 0.0000000000000000 0.0000000000000000
0.0000008042896180 -0.0000006644130475 0.0000000000000000 0.0000001748455598 0.0000000000000000 0.0000000000000000
0.2000008072698471 -0.0000006294439350 0.0000000000000000 0.0000001748455598 0.0000000000000000 0.0000000000000000
0.4000008102500763 -0.0000005944748225 0.0000000000000000 0.0000001748455598 0.0000000000000000 0.0000000000000000
0.6000008132303055 -0.0000005595057100 0.0000000000000000 0.0000001748455598 0.0000000000000000 0.0000000000000000
0.8000008162105348 -0.0000005245365975 0.0000000000000000 0.0000001748455598 0.0000000000000000 0.0000000000000000
1.0000008191907639 -0.0000004895674850 0.0000000000000000 0.0000001748455598 0.0000000000000000 0.0000000000000000
1.2000008221709930 -0.0000004545983726 0.0000000000000000 0.0000001748455598 0.0000000000000000 0.0000000000000000
1.4000008251512222 -0.0000004196292601 0.0000000000000000 0.0000001748455598 0.0000000000000000 0.0000000000000000
1.6000008281314513 -0.0000003846601476 0.0000000000000000 0.0000001748455598 0.0000000000000000 0.0000000000000000
1.8000008311116804 -0.0000003496910351 0.0000000000000000 0.0000001748455598 0.0000000000000000 0.0000000000000000
2.0000008340919098 -0.0000003147219226 0.0000000000000000 0.0000001748455598 0.0000000000000000 0.0000000000000000
2.2000008370721389 -0.0000002797528102 0.0000000000000000 0.0000001748455598 0.0000000000000000 0.0000000000000000
2.4000008400523680 -0.0000002447836977 0.0000000000000000 0.0000001748455598 0.0000000000000000 0.0000000000000000
2.6000008430325972 -0.0000002098145852 0.0000000000000000 0.0000001748455598 0.0000000000000000 0.0000000000000000
2.8000008460128263 -0.0000001748454727 0.0000000000000000 0.0000001748455598 0.0000000000000000 0.0000000000000000
3.0000008489930554 -0.0000001398763602 0.0000000000000000 0.0000001748455598 0.0000000000000000 0.0000000000000000
3.2000008519732845 -0.0000001049072477 0.0000000000000000 0.0000001748455598 0.0000000000000000 0.0000000000000000
3.4000008549535137 -0.0000000699381353 0.0000000000000000 0.0000001748455598 0.0000000000000000 0.0000000000000000
3.6000008579337428 -0.0000000349690228 0.0000000000000000 0.0000001748455598 0.0000000000000000 0.0000000000000000
3.8000008609139719 0.0000000000000897 0.0000000000000000 0.0000001748455598 0.0000000000000000 0.0000000000000000
4.0000008638942015 0.0000000349692022 0.0000000000000000 0.0000001748455598 0.0000000000000000 0.0000000000000000
4.2000008668744311 0.0000000699383147 0.0000000000000000 0.0000001748455598 0.0000000000000000 0.0000000000000000
4.4000008698546607 0.0000001049074272 0.0000000000000000 0.0000001748455598 0.0000000000000000 0.0000000000000000
4.6000008728348902 0.0000001398765396 0.0000000000000000 0.0000001748455598 0.0000000000000000 0.0000000000000000
4.8000008758151198 0.0000001748456521 0.0000000000000000 0.0000001748455598 0.0000000000000000 0.0000000000000000
5.0000008787953494 0.0000002098147646 0.0000000000000000 0.0000001748455598 0.0000000000000000 0.0000000000000000
5.2000008817755790 0.0000002447838771 0.0000000000000000 0.0000001748455598 0.0000000000000000 0.0000000000000000
5.4000008847558085 0.0000002797529896 0.0000000000000000 0.0000001748455598 0.0000000000000000 0.0000000000000000
5.6000008877360381 0.0000003147221021 0.0000000000000000 0.0000001748455598 0.0000000000000000 0.0000000000000000
5.8000008907162677 0.0000003496912145 0.0000000000000000 0.0000001748455598 0.0000000000000000 0.0000000000000000
6.0000008936964973 0.0000003846603270 0.0000000000000000 0.0000001748455598 0.0000000000000000 0.0000000000000000
6.2000008966767268 0.0000004196294395 0.0000000000000000 0.0000001748455598 0.0000000000000000 0.0000000000000000
6.4000008996569564 0.0000004545985520 0.0000000000000000 0.0000001748455598 0.0000000000000000 0.0000000000000000
6.6000009026371860 0.0000004895676645 0.0000000000000000 0.0000001748455598 0.0000000000000000 0.0000000000000000
6.8000009056174155 0.0000005245367770 0.0000000000000000 0.0000001748455598 0.0000000000000000 0.0000000000000000
7.0000009085976451 0.0000005595058894 0.0000000000000000 0.0000001748455598 0.0000000000000000 0.0000000000000000
7.2000009115778747 0.0000005944750019 0.0000000000000000 0.0000001748455598 0.0000000000000000 0.0000000000000000
7.4000009145581043 0.0000006294441144 0.0000000000000000 0.0000001748455598 0.0000000000000000 0.0000000000000000
7.6000009175383338 0.0000006644132269 0.0000000000000000 0.0000001748455598 0.0000000000000000 0.0000000000000000
7.8000009205185634 0.0000006993823394 0.0000000000000000 0.0000001748455598 0.0000000000000000 0.0000000000000000
8.0000009234987921 0.0000007343514518 0.0000000000000000 0.0000001748455598 0.0000000000000000 0.0000000000000000
8.2000009264790208 0.0000007693205643 0.0000000000000000 0.0000001748455598 0.0000000000000000 0.0000000000000000
8.4000009294592495 0.0000008042896768 0.0000000000000000 0.0000001748455598 0.0000000000000000 0.0000000000000000
8.4000009294592495 0.0000008042896768 0.0000000000000000 0.3926992674721315 0.0000000000000000 0.0000000000000000
8.4000009294592495 0.0000008042896768 0.0000000000000000 0.7853983600987031 0.0000000000000000 0.0000000000000000
8.4000009294592495 0.0000008042896768 0.0000000000000000 1.1780974527252752 0.0000000000000000 0.0000000000000000
