1464600320.989009 0.000 0.000 0.000
1464600321.041046 0.000 0.000 0.000
1464600321.091016 0.000 0.000 0.000
1464600321.140612 0.000 0.000 0.000
1464600321.201075 0.000 0.000 0.000
1464600321.250723 0.000 0.000 0.000
1464600321.303654 0.000 0.000 0.000
1464600321.354627 0.000 0.000 0.000
1464600321.407833 0.000 0.000 0.000
1464600321.458589 0.000 0.000 0.000
1464600321.507222 0.000 0.000 0.000
1464600321.556764 0.000 0.000 0.000
1464600321.607108 0.000 0.000 0.000
1464600321.661710 0.000 0.000 0.000
1464600321.710559 0.000 0.000 0.000
1464600321.759400 0.001 0.000 0.000
1464600321.809856 0.004 0.000 0.000
1464600321.866018 0.011 0.000 0.000
1464600321.916162 0.021 0.000 0.000
1464600321.974395 0.032 0.000 0.000
1464600322.025019 0.042 0.000 0.000
1464600322.074926 0.053 0.000 0.000
1464600322.140612 0.065 0.000 0.000
1464600322.307253 0.092 0.000 0.000
1464600322.395196 0.115 0.000 0.000
1464600322.554450 0.147 0.000 0.000
1464600322.652994 0.167 0.000 0.000
1464600322.806380 0.196 0.000 0.000
1464600322.881587 0.211 0.000 0.000
1464600322.942386 0.222 0.000 0.000
1464600322.994209 0.235 0.000 0.000
1464600323.043691 0.248 0.000 0.000
1464600323.094662 0.265 0.000 0.000
1464600323.147460 0.285 0.000 0.000
1464600323.202559 0.307 0.000 0.000
1464600323.262641 0.331 0.000 0.000
1464600323.608596 0.460 0.000 0.000
1464600323.760779 0.525 0.000 0.000
1464600323.846837 0.559 0.000 0.000
1464600323.920552 0.588 0.000 0.000
1464600323.970776 0.608 0.000 0.000
1464600324.025075 0.630 0.000 0.000
1464600324.074808 0.650 0.000 0.000
1464600324.130579 0.672 0.000 0.000
1464600324.180694 0.692 0.000 0.000
1464600324.232844 0.713 0.000 0.000
1464600324.280852 0.732 0.000 0.000
1464600324.335809 0.753 0.000 0.000
1464600324.385063 0.773 0.000 0.000
1464600324.437800 0.794 0.000 0.000
1464600324.488546 0.814 0.000 0.000
1464600324.540713 0.835 0.000 0.000
1464600324.590023 0.855 0.000 0.000
1464600325.027681 1.025 0.000 0.000
1464600325.083453 1.047 0.000 0.000
1464600325.189470 1.088 0.000 0.000
1464600325.376992 1.161 0.000 0.000
1464600325.479122 1.201 0.000 0.000
1464600325.569822 1.237 0.000 0.000
1464600325.656328 1.271 0.000 0.000
1464600325.726788 1.299 0.000 0.000
1464600325.781742 1.321 0.000 0.000
1464600325.848374 1.347 0.000 0.000
1464600325.913993 1.373 0.000 0.000
1464600325.964819 1.393 0.000 0.000
1464600326.026545 1.418 0.000 0.000
1464600326.081256 1.440 0.000 0.000
1464600326.131161 1.460 0.000 0.000
1464600326.190142 1.483 0.000 0.000
1464600326.252576 1.509 0.000 0.000
1464600326.303306 1.529 0.000 0.000
1464600326.355260 1.550 0.000 0.000
1464600326.408392 1.572 0.000 0.000
1464600326.457604 1.591 0.000 0.000
1464600326.522587 1.617 0.000 0.000
1464600326.575646 1.638 0.000 0.000
1464600326.627802 1.661 0.000 0.000
1464600326.687002 1.689 0.000 0.000
1464600326.736818 1.716 0.000 0.000
1464600326.784846 1.745 0.000 0.000
1464600326.835876 1.778 0.000 0.000
1464600326.884547 1.811 0.000 0.000
1464600326.937747 1.850 0.000 0.000
1464600326.989947 1.892 0.000 0.000
1464600327.154666 2.034 0.000 0.000
1464600327.562404 2.473 0.000 0.000
1464600327.726010 2.660 0.000 0.000
1464600327.858979 2.813 0.000 0.000
1464600327.967777 2.939 0.000 0.000
1464600328.039136 3.021 0.000 0.000
1464600328.173072 3.173 0.000 0.000
1464600328.475762 3.517 0.000 0.000
1464600328.632132 3.696 0.000 0.000
1464600328.693344 3.762 0.000 0.000
1464600328.749516 3.834 0.000 0.000
1464600328.829035 3.927 0.000 0.000
1464600328.899988 4.008 0.000 0.000
1464600328.969322 4.089 0.000 0.000
1464600329.016034 4.145 0.000 0.000
1464600329.066684 4.203 0.000 0.000
1464600329.118959 4.264 0.000 0.000
1464600329.166972 4.322 0.000 0.000
1464600329.215877 4.379 0.000 0.000
1464600329.264881 4.437 0.000 0.000
1464600329.313215 4.493 0.000 0.000
1464600329.364058 4.553 0.000 0.000
1464600329.435769 4.636 0.000 0.000
1464600329.844266 5.100 0.000 0.000
1464600329.905735 5.171 0.000 0.000
1464600329.967743 5.243 0.000 0.000
1464600330.031779 5.318 0.000 0.000
1464600330.083585 5.380 0.000 0.000
1464600330.131535 5.436 0.000 0.000
1464600330.188290 5.498 0.000 0.000
1464600330.283668 5.612 0.000 0.000
1464600330.336038 5.673 0.000 0.000
1464600330.390374 5.735 0.000 0.000
1464600330.751508 6.140 0.000 0.000
1464600330.888854 6.298 0.000 0.000
1464600330.958102 6.384 0.000 0.000
1464600331.024838 6.460 0.000 0.000
1464600331.081702 6.527 0.000 0.000
1464600331.131081 6.586 0.000 0.000
1464600331.190028 6.654 0.000 0.000
1464600331.237547 6.710 0.000 0.000
1464600331.295614 6.777 0.000 0.000
1464600331.342093 6.831 0.000 0.000
1464600331.391294 6.890 0.000 0.000
1464600331.445681 6.953 0.000 0.000
1464600331.496144 7.014 0.000 0.000
1464600331.543976 7.071 0.000 0.000
1464600331.597445 7.134 0.000 0.000
1464600331.647756 7.190 0.000 0.000
1464600331.902837 7.483 0.000 0.000
1464600331.954563 7.544 0.000 0.000
1464600332.235104 7.863 0.000 0.000
1464600332.492254 8.153 0.000 0.000
1464600332.687593 8.370 0.000 0.000
1464600332.814948 8.523 0.000 0.000
1464600332.867961 8.585 0.000 0.000
1464600332.947374 8.678 0.000 0.000
1464600332.999497 8.740 0.000 0.000
1464600333.046605 8.795 0.000 0.000
1464600333.105797 8.864 0.000 0.000
1464600333.154639 8.922 0.000 0.000
1464600333.202815 8.978 0.000 0.000
1464600333.251840 9.035 0.000 0.000
1464600333.299335 9.091 0.000 0.000
1464600333.356344 9.156 0.000 0.000
1464600333.402997 9.210 0.000 0.000
1464600333.450940 9.267 0.000 0.000
1464600333.501290 9.325 0.000 0.000
1464600333.558980 9.393 0.000 0.000
1464600333.606415 9.449 0.000 0.000
1464600333.657295 9.508 0.000 0.000
1464600333.705137 9.564 0.000 0.000
1464600333.769272 9.640 0.000 0.000
1464600333.817998 9.696 0.000 0.000
1464600333.884057 9.773 0.000 0.000
1464600333.942969 9.842 0.000 0.000
1464600334.012158 9.922 0.000 0.000
1464600334.419774 10.384 0.000 0.000
1464600334.666586 10.664 0.000 0.000
1464600334.763865 10.775 0.000 0.000
1464600334.815428 10.836 0.000 0.000
1464600334.882027 10.912 0.000 0.000
1464600334.932314 10.972 0.000 0.000
1464600334.981339 11.030 0.000 0.000
1464600335.026995 11.084 0.000 0.000
1464600335.079048 11.145 0.000 0.000
1464600335.128563 11.202 0.000 0.000
1464600335.183203 11.265 0.000 0.000
1464600335.231543 11.322 0.000 0.000
1464600335.285137 11.384 0.000 0.000
1464600335.627362 11.772 0.000 0.000
1464600335.766571 11.931 0.000 0.000
1464600335.832466 12.009 0.000 0.000
1464600335.881568 12.065 0.000 0.000
1464600335.932409 12.125 0.000 0.000
1464600335.987449 12.189 0.000 0.000
1464600336.036574 12.247 0.000 0.000
1464600336.086404 12.304 0.000 0.000
1464600336.135738 12.362 0.000 0.000
1464600336.184178 12.418 0.000 0.000
1464600336.233759 12.476 0.000 0.000
1464600336.281846 12.532 0.000 0.000
1464600336.331704 12.591 0.000 0.000
1464600336.380195 12.647 0.000 0.000
1464600336.428205 12.705 0.000 0.000
1464600336.484860 12.771 0.000 0.000
1464600336.538684 12.832 0.000 0.000
1464600336.949593 13.298 0.000 0.000
1464600337.020054 13.381 0.000 0.000
1464600337.338264 13.744 0.000 0.000
1464600337.470141 13.894 0.000 0.000
1464600337.552251 13.986 0.000 0.000
1464600337.610813 14.056 0.000 0.000
1464600337.695110 14.152 0.000 0.000
1464600337.776953 14.248 0.000 0.000
1464600337.827007 14.306 0.000 0.000
1464600337.877837 14.367 0.000 0.000
1464600337.925502 14.423 0.000 0.000
1464600337.978070 14.485 0.000 0.000
1464600338.028949 14.544 0.000 0.000
1464600338.079361 14.602 0.000 0.000
1464600338.130033 14.661 0.000 0.000
1464600338.189987 14.729 0.000 0.000
1464600338.245512 14.793 0.000 0.000
1464600338.295020 14.851 0.000 0.000
1464600338.342542 14.906 0.000 0.000
1464600338.402663 14.976 0.000 0.000
1464600338.476302 15.062 0.000 0.000
1464600338.527018 15.121 0.000 0.000
1464600338.587656 15.190 0.000 0.000
1464600338.658063 15.272 0.000 0.000
1464600338.709200 15.329 0.000 0.000
1464600338.759586 15.390 0.000 0.000
1464600339.312232 16.015 0.000 0.000
1464600339.412591 16.131 0.000 0.000
1464600339.630693 16.372 0.000 0.000
1464600339.788491 16.559 0.000 0.000
1464600339.907340 16.693 0.000 0.000
1464600339.980948 16.780 0.000 0.000
1464600340.046648 16.856 0.000 0.000
1464600340.095374 16.913 0.000 0.000
1464600340.141947 16.968 0.000 0.000
1464600340.190739 17.026 0.000 0.000
1464600340.244983 17.088 0.000 0.000
1464600340.308590 17.165 0.000 0.000
1464600340.357703 17.221 0.000 0.000
1464600340.465564 17.345 0.000 0.000
1464600340.876650 17.810 0.000 0.000
1464600340.956240 17.902 0.000 0.000
1464600341.033961 17.990 0.000 0.000
1464600341.115606 18.086 0.000 0.000
1464600341.176391 18.158 0.000 0.000
1464600341.237737 18.229 0.000 0.000
1464600341.288840 18.288 0.000 0.000
1464600341.344731 18.355 0.000 0.000
1464600341.399065 18.418 0.000 0.000
1464600341.448784 18.476 0.000 0.000
1464600341.498055 18.534 0.000 0.000
1464600341.554048 18.599 0.000 0.000
1464600341.610403 18.666 0.000 0.000
1464600341.660112 18.722 0.000 0.000
1464600341.710850 18.782 0.000 0.000
1464600341.779446 18.861 0.000 0.000
1464600341.864685 18.959 0.000 0.000
1464600344.138826 21.528 0.000 0.000
1464600345.179222 22.704 -0.000 -0.005
1464600345.230198 22.765 -0.001 -0.018
1464600345.287728 22.831 -0.002 -0.034
1464600345.355500 22.911 -0.006 -0.057
1464600345.683867 23.280 -0.051 -0.185
1464600345.918898 23.540 -0.112 -0.278
1464600345.981764 23.610 -0.133 -0.303
1464600346.055227 23.690 -0.159 -0.333
1464600346.119415 23.760 -0.184 -0.358
1464600346.199511 23.844 -0.217 -0.390
1464600346.252079 23.905 -0.243 -0.412
1464600346.313995 23.969 -0.272 -0.437
1464600346.374396 24.033 -0.303 -0.462
1464600346.458997 24.120 -0.348 -0.496
1464600346.526555 24.188 -0.386 -0.523
1464600346.588534 24.251 -0.424 -0.548
1464600346.649708 24.312 -0.461 -0.573
1464600346.974409 24.608 -0.681 -0.701
1464600347.445108 24.982 -1.060 -0.886
1464600347.602141 25.091 -1.203 -0.948
1464600347.844896 25.241 -1.435 -1.045
1464600348.069693 25.360 -1.661 -1.133
1464600348.383164 25.490 -1.991 -1.257
1464600348.493933 25.526 -2.112 -1.300
1464600348.558782 25.545 -2.184 -1.326
1464600348.622915 25.563 -2.258 -1.352
1464600348.676992 25.576 -2.319 -1.374
1464600348.738478 25.589 -2.390 -1.399
1464600348.794562 25.599 -2.454 -1.421
1464600348.843954 25.607 -2.511 -1.439
1464600348.897344 25.615 -2.574 -1.456
1464600348.952548 25.622 -2.638 -1.471
1464600349.006803 25.628 -2.702 -1.484
1464600349.138603 25.639 -2.848 -1.506
1464600349.376966 25.651 -3.118 -1.544
1464600349.578859 25.654 -3.350 -1.577
1464600349.663753 25.652 -3.450 -1.592
1464600349.724322 25.651 -3.521 -1.602
1464600349.779037 25.648 -3.585 -1.611
1464600349.837456 25.645 -3.651 -1.620
1464600349.888921 25.642 -3.711 -1.629
1464600349.938730 25.638 -3.770 -1.638
1464600349.993660 25.634 -3.834 -1.647
1464600350.048744 25.629 -3.897 -1.656
1464600350.099852 25.623 -3.958 -1.664
1464600350.148634 25.618 -4.015 -1.673
1464600350.285085 25.600 -4.170 -1.695
1464600350.616700 25.544 -4.541 -1.749
1464600350.735404 25.518 -4.676 -1.768
1464600350.798381 25.503 -4.748 -1.779
1464600350.847703 25.491 -4.804 -1.787
1464600350.903861 25.477 -4.868 -1.796
1464600350.960861 25.462 -4.932 -1.806
1464600351.013094 25.448 -4.991 -1.814
1464600351.065688 25.432 -5.051 -1.823
1464600351.119088 25.416 -5.112 -1.832
1464600351.171008 25.401 -5.170 -1.841
1464600351.250228 25.376 -5.258 -1.852
1464600351.299740 25.359 -5.314 -1.856
1464600351.671352 25.239 -5.718 -1.850
1464600351.822803 25.193 -5.886 -1.827
1464600351.882604 25.176 -5.953 -1.817
1464600351.944400 25.158 -6.024 -1.808
1464600352.005832 25.142 -6.093 -1.798
1464600352.054682 25.129 -6.151 -1.790
1464600352.103706 25.116 -6.207 -1.782
1464600352.153991 25.104 -6.265 -1.774
1464600352.232451 25.086 -6.354 -1.762
1464600352.282129 25.076 -6.411 -1.754
1464600352.337761 25.064 -6.475 -1.745
1464600352.403229 25.051 -6.549 -1.735
1464600352.463671 25.040 -6.620 -1.725
1464600352.552818 25.025 -6.720 -1.711
1464600352.958462 24.974 -7.174 -1.655
1464600353.087049 24.962 -7.325 -1.637
1464600353.333360 24.949 -7.604 -1.603
1464600353.574690 24.944 -7.878 -1.569
1464600353.720591 24.946 -8.045 -1.549
1464600353.836578 24.950 -8.179 -1.533
1464600353.911583 24.954 -8.265 -1.522
1464600353.980394 24.958 -8.345 -1.513
1464600354.095594 24.967 -8.476 -1.497
1464600354.160870 24.973 -8.551 -1.487
1464600354.263327 24.983 -8.668 -1.473
1464600354.355346 24.994 -8.773 -1.460
1464600354.470309 25.010 -8.904 -1.444
1464600354.538916 25.021 -8.984 -1.434
1464600354.667549 25.042 -9.129 -1.416
1464600354.784069 25.059 -9.236 -1.409
1464600355.583871 25.181 -10.091 -1.500
1464600355.639916 25.188 -10.221 -1.528
1464600355.805112 25.193 -10.403 -1.566
1464600355.878306 25.192 -10.494 -1.585
1464600355.989470 25.189 -10.614 -1.610
1464600356.294927 25.162 -10.967 -1.685
1464600356.540410 25.122 -11.244 -1.744
1464600356.658086 25.097 -11.378 -1.772
1464600356.742196 25.076 -11.472 -1.793
1464600356.818064 25.056 -11.558 -1.811
1464600356.866515 25.042 -11.614 -1.823
1464600356.917136 25.027 -11.671 -1.836
1464600356.993545 25.003 -11.755 -1.854
1464600357.140240 24.954 -11.915 -1.889
1464600357.479494 24.819 -12.276 -1.960
1464600357.568349 24.780 -12.371 -1.965
1464600357.623682 24.755 -12.429 -1.967
1464600357.672054 24.733 -12.482 -1.969
1464600357.725759 24.708 -12.540 -1.970
1464600357.776470 24.685 -12.595 -1.972
1464600357.828547 24.661 -12.651 -1.973
1464600357.877856 24.638 -12.705 -1.975
1464600357.928728 24.615 -12.760 -1.977
1464600357.985730 24.588 -12.821 -1.978
1464600358.059346 24.554 -12.900 -1.981
1464600358.107464 24.532 -12.952 -1.982
1464600358.159162 24.507 -13.008 -1.984
1464600358.223090 24.478 -13.075 -1.986
1464600358.544418 24.329 -13.409 -1.995
1464600358.800257 24.208 -13.673 -2.003
1464600358.863302 24.178 -13.738 -2.005
1464600358.912831 24.152 -13.794 -2.007
1464600358.961706 24.128 -13.846 -2.008
1464600359.009043 24.105 -13.895 -2.009
1464600359.074306 24.073 -13.964 -2.011
1464600359.133243 24.043 -14.026 -2.013
1464600359.181932 24.019 -14.077 -2.015
1464600359.248098 23.986 -14.147 -2.017
1464600359.299510 23.959 -14.202 -2.018
1464600359.365212 23.926 -14.271 -2.020
1464600359.642828 23.789 -14.553 -2.029
1464600359.865429 23.676 -14.780 -2.035
1464600359.967816 23.622 -14.886 -2.039
1464600360.022057 23.595 -14.939 -2.040
1464600360.114206 23.547 -15.034 -2.043
1464600360.203907 23.500 -15.126 -2.046
1464600360.266073 23.467 -15.189 -2.048
1464600360.338711 23.429 -15.264 -2.050
1464600360.420233 23.385 -15.347 -2.052
1464600360.808432 23.179 -15.736 -2.064
1464600360.975901 23.089 -15.903 -2.069
1464600361.034572 23.056 -15.963 -2.071
1464600361.088603 23.026 -16.019 -2.072
1464600361.150343 22.991 -16.082 -2.074
1464600361.213415 22.955 -16.147 -2.076
1464600361.267790 22.924 -16.203 -2.078
1464600361.328607 22.889 -16.265 -2.080
1464600361.378757 22.861 -16.316 -2.083
1464600361.428153 22.832 -16.367 -2.087
1464600361.476771 22.804 -16.416 -2.094
1464600361.525766 22.776 -16.465 -2.102
1464600361.588655 22.738 -16.528 -2.116
1464600361.655436 22.697 -16.594 -2.134
1464600361.817947 22.595 -16.747 -2.183
1464600362.326766 22.229 -17.192 -2.338
1464600362.551160 22.069 -17.348 -2.397
1464600362.658787 21.951 -17.452 -2.440
1464600362.744679 21.874 -17.516 -2.466
1464600362.839469 21.788 -17.583 -2.496
1464600362.904167 21.728 -17.627 -2.516
1464600362.983607 21.651 -17.681 -2.541
1464600363.041508 21.596 -17.718 -2.559
1464600363.093857 21.544 -17.752 -2.575
1464600363.143088 21.495 -17.782 -2.591
1464600363.191194 21.447 -17.811 -2.606
1464600363.246307 21.392 -17.844 -2.623
1464600363.303072 21.334 -17.876 -2.641
1464600363.351105 21.285 -17.902 -2.656
1464600363.398093 21.237 -17.927 -2.670
1464600363.452969 21.179 -17.956 -2.688
1464600363.508902 21.120 -17.984 -2.705
1464600363.559867 21.066 -18.009 -2.721
1464600363.607707 21.015 -18.031 -2.736
1464600363.658686 20.960 -18.054 -2.752
1464600363.719330 20.896 -18.080 -2.770
1464600363.768038 20.843 -18.100 -2.786
1464600363.816490 20.790 -18.119 -2.801
1464600363.866127 20.736 -18.138 -2.816
1464600363.914720 20.684 -18.155 -2.829
1464600363.963327 20.630 -18.172 -2.840
1464600364.014589 20.574 -18.190 -2.850
1464600364.389117 20.164 -18.300 -2.906
1464600364.558347 19.977 -18.342 -2.932
1464600364.648007 19.875 -18.363 -2.946
1464600364.711236 19.804 -18.377 -2.956
1464600364.779239 19.725 -18.392 -2.966
1464600364.836682 19.657 -18.403 -2.976
1464600364.884459 19.601 -18.412 -2.983
1464600364.952030 19.526 -18.424 -2.993
1464600365.009076 19.458 -18.434 -3.002
1464600365.056934 19.402 -18.442 -3.010
1464600365.117964 19.332 -18.450 -3.019
1464600365.317268 19.108 -18.475 -3.049
1464600365.568717 18.823 -18.495 -3.087
1464600365.662561 18.715 -18.501 -3.102
1464600365.727401 18.641 -18.503 -3.112
1464600365.791859 18.565 -18.505 -3.122
1464600365.839060 18.509 -18.506 -3.129
1464600365.904482 18.433 -18.506 -3.140
1464600365.969022 18.358 -18.506 3.134
1464600366.043898 18.271 -18.505 3.122
1464600366.105001 18.200 -18.503 3.113
1464600366.177789 18.117 -18.500 3.101
1464600366.246673 18.035 -18.497 3.091
1464600366.321666 17.949 -18.492 3.079
1464600366.746283 17.469 -18.446 3.015
1464600366.800902 17.407 -18.438 3.006
1464600366.863474 17.334 -18.428 2.997
1464600366.941822 17.245 -18.414 2.984
1464600367.006439 17.169 -18.402 2.974
1464600367.074126 17.092 -18.388 2.964
1464600367.138789 17.018 -18.375 2.954
1464600367.197769 16.952 -18.362 2.945
1464600367.246674 16.894 -18.350 2.937
1464600367.333500 16.796 -18.329 2.926
1464600367.623070 16.479 -18.257 2.914
1464600367.847490 16.226 -18.198 2.907
1464600367.899356 16.166 -18.183 2.905
1464600367.965500 16.091 -18.165 2.903
1464600368.044518 16.002 -18.143 2.901
1464600368.094823 15.946 -18.130 2.899
1464600368.157586 15.876 -18.112 2.897
1464600368.211594 15.816 -18.097 2.895
1464600368.267538 15.751 -18.081 2.894
1464600368.331034 15.679 -18.063 2.892
1464600368.379313 15.625 -18.049 2.890
1464600368.436528 15.560 -18.032 2.888
1464600368.486488 15.503 -18.017 2.887
1464600368.548383 15.434 -17.999 2.885
1464600368.640176 15.331 -17.972 2.882
1464600368.871823 15.077 -17.903 2.875
1464600369.068743 14.860 -17.843 2.868
1464600369.280602 14.629 -17.778 2.862
1464600369.429005 14.466 -17.731 2.857
1464600369.521576 14.364 -17.701 2.859
1464600369.621970 14.254 -17.669 2.869
1464600369.705652 14.159 -17.643 2.881
1464600369.772914 14.084 -17.624 2.891
1464600369.839873 14.010 -17.605 2.901
1464600369.891714 13.950 -17.591 2.909
1464600369.967151 13.865 -17.571 2.920
1464600370.018403 13.805 -17.558 2.928
1464600370.072954 13.742 -17.544 2.936
1464600370.120786 13.688 -17.533 2.943
1464600370.183735 13.617 -17.519 2.952
1464600370.234178 13.559 -17.508 2.960
1464600370.286643 13.497 -17.497 2.968
1464600370.348698 13.426 -17.485 2.977
1464600370.399004 13.367 -17.475 2.985
1464600370.772824 12.947 -17.420 3.039
1464600370.966532 12.727 -17.401 3.067
1464600371.026360 12.657 -17.396 3.076
1464600371.087935 12.585 -17.392 3.085
1464600371.151441 12.510 -17.388 3.095
1464600371.209782 12.442 -17.385 3.103
1464600371.272577 12.368 -17.382 3.112
1464600371.332267 12.300 -17.380 3.118
1464600371.381610 12.242 -17.379 3.120
1464600371.446167 12.167 -17.378 3.122
1464600371.506026 12.097 -17.376 3.123
1464600371.570853 12.022 -17.375 3.125
1464600371.629141 11.953 -17.374 3.126
1464600371.679150 11.894 -17.373 3.127
1464600371.761593 11.798 -17.372 3.129
1464600371.808772 11.741 -17.371 3.130
1464600371.876369 11.662 -17.370 3.132
1464600372.160513 11.339 -17.368 3.138
1464600372.423348 11.040 -17.368 -3.139
1464600372.644592 10.789 -17.369 -3.134
1464600372.794191 10.617 -17.371 -3.130
1464600372.886684 10.510 -17.372 -3.128
1464600372.969627 10.413 -17.374 -3.126
1464600373.016173 10.359 -17.375 -3.125
1464600373.074065 10.290 -17.376 -3.124
1464600373.393703 9.928 -17.384 -3.116
1464600373.570517 9.728 -17.389 -3.112
1464600373.644331 9.641 -17.392 -3.110
1464600373.709936 9.565 -17.394 -3.109
1464600373.769886 9.496 -17.397 -3.107
1464600373.828722 9.427 -17.399 -3.106
1464600373.895149 9.352 -17.402 -3.105
1464600373.977618 9.257 -17.405 -3.103
1464600374.054071 9.169 -17.409 -3.101
1464600374.115594 9.097 -17.412 -3.099
1464600374.176113 9.025 -17.415 -3.098
1464600374.238324 8.953 -17.418 -3.096
1464600374.426537 8.786 -17.426 -3.093
1464600374.704223 8.424 -17.445 -3.086
1464600374.810013 8.304 -17.452 -3.083
1464600374.872074 8.232 -17.456 -3.082
1464600374.945641 8.147 -17.461 -3.080
1464600375.006179 8.075 -17.466 -3.079
1464600375.055190 8.018 -17.469 -3.077
1464600375.123159 7.939 -17.474 -3.076
1464600375.189950 7.861 -17.479 -3.074
1464600375.249349 7.794 -17.484 -3.073
1464600375.306524 7.728 -17.489 -3.072
1464600375.371825 7.653 -17.494 -3.070
1464600375.539509 7.465 -17.508 -3.066
1464600375.884645 7.073 -17.539 -3.058
1464600375.956388 6.991 -17.546 -3.057
1464600376.026090 6.910 -17.553 -3.055
1464600376.087107 6.840 -17.559 -3.054
1464600376.148332 6.770 -17.565 -3.052
1464600376.214248 6.693 -17.572 -3.051
1464600376.267553 6.631 -17.578 -3.049
1464600376.327432 6.562 -17.584 -3.048
1464600376.380070 6.500 -17.590 -3.047
1464600376.444155 6.426 -17.597 -3.045
1464600376.503760 6.357 -17.604 -3.044
1464600376.554546 6.299 -17.610 -3.043
1464600376.626243 6.216 -17.618 -3.041
1464600376.760517 6.066 -17.633 -3.038
1464600377.166237 5.614 -17.683 -3.029
1464600377.492613 5.239 -17.718 -3.079
1464600377.600844 5.115 -17.724 -3.102
1464600377.686227 5.017 -17.727 -3.121
1464600377.755545 4.934 -17.728 -3.136
1464600377.824640 4.854 -17.728 3.132
1464600377.892607 4.775 -17.727 3.118
1464600377.953005 4.704 -17.724 3.104
1464600378.011269 4.637 -17.721 3.092
1464600378.079743 4.558 -17.717 3.077
1464600378.139814 4.488 -17.712 3.064
1464600378.202590 4.415 -17.706 3.050
1464600378.262942 4.344 -17.699 3.037
1464600378.325286 4.274 -17.691 3.024
1464600378.374164 4.216 -17.684 3.013
1464600378.434030 4.149 -17.675 3.000
1464600378.492676 4.080 -17.664 2.987
1464600378.556274 4.009 -17.653 2.974
1464600378.644066 3.909 -17.635 2.955
1464600378.702914 3.842 -17.622 2.942
1464600378.759467 3.778 -17.608 2.930
1464600378.839457 3.686 -17.588 2.912
1464600378.913944 3.603 -17.568 2.896
1464600379.096430 3.402 -17.513 2.858
1464600379.471708 2.999 -17.378 2.778
1464600379.755570 2.700 -17.256 2.737
1464600379.896201 2.552 -17.192 2.722
1464600380.002838 2.440 -17.141 2.711
1464600380.724245 1.713 -16.773 2.634
1464600380.786048 1.650 -16.737 2.628
1464600380.833491 1.601 -16.710 2.622
1464600380.893595 1.539 -16.674 2.616
1464600380.955376 1.477 -16.638 2.609
1464600381.003917 1.428 -16.609 2.604
1464600381.056990 1.375 -16.577 2.598
1464600381.125109 1.308 -16.536 2.591
1464600381.176280 1.259 -16.506 2.585
1464600381.478293 0.973 -16.322 2.553
1464600381.610976 0.843 -16.233 2.539
1464600381.664146 0.792 -16.198 2.533
1464600381.734793 0.725 -16.151 2.525
1464600381.782091 0.680 -16.119 2.520
1464600381.833125 0.632 -16.084 2.514
1464600381.897427 0.571 -16.040 2.507
1464600381.945320 0.525 -16.006 2.502
1464600382.003222 0.471 -15.966 2.496
1464600382.051903 0.425 -15.931 2.490
1464600382.136050 0.348 -15.872 2.481
1464600382.191645 0.298 -15.832 2.475
1464600382.241080 0.253 -15.796 2.470
1464600382.296643 0.202 -15.756 2.464
1464600382.365740 0.140 -15.706 2.456
1464600382.765133 -0.205 -15.412 2.414
1464600382.847018 -0.275 -15.348 2.405
1464600382.916608 -0.335 -15.293 2.398
1464600382.974653 -0.386 -15.247 2.391
1464600383.034829 -0.437 -15.199 2.385
1464600383.103176 -0.494 -15.144 2.377
1464600383.167622 -0.547 -15.093 2.370
1464600383.224083 -0.595 -15.046 2.364
1464600383.300576 -0.658 -14.983 2.356
1464600383.363156 -0.709 -14.932 2.349
1464600383.419200 -0.756 -14.885 2.343
1464600383.504326 -0.823 -14.815 2.334
1464600383.787374 -1.042 -14.579 2.304
1464600384.055369 -1.242 -14.350 2.275
1464600384.329918 -1.440 -14.111 2.246
1464600384.471228 -1.540 -13.983 2.231
1464600384.534269 -1.586 -13.924 2.224
1464600384.609387 -1.638 -13.855 2.216
1464600384.675557 -1.685 -13.792 2.208
1464600384.740446 -1.729 -13.732 2.201
1464600384.817127 -1.782 -13.659 2.193
1464600384.882214 -1.826 -13.597 2.186
1464600384.939481 -1.864 -13.543 2.180
1464600384.987793 -1.897 -13.496 2.174
1464600385.061378 -1.945 -13.425 2.166
1464600385.126266 -1.986 -13.364 2.159
1464600385.185593 -2.025 -13.305 2.153
1464600385.262807 -2.074 -13.231 2.145
1464600385.330873 -2.116 -13.164 2.137
1464600385.392878 -2.156 -13.102 2.130
1464600385.654164 -2.309 -12.849 2.103
1464600385.914963 -2.456 -12.591 2.067
1464600385.985729 -2.495 -12.518 2.047
1464600386.048478 -2.528 -12.451 2.026
1464600386.130244 -2.568 -12.367 2.000
1464600386.202116 -2.602 -12.290 1.976
1464600386.266420 -2.631 -12.221 1.955
1464600386.337377 -2.661 -12.144 1.932
1464600386.410134 -2.690 -12.065 1.908
1464600386.473679 -2.714 -11.994 1.887
1464600386.548436 -2.740 -11.911 1.863
1464600386.607701 -2.759 -11.845 1.843
1464600386.677870 -2.780 -11.768 1.821
1464600386.743510 -2.798 -11.694 1.800
1464600386.801374 -2.812 -11.628 1.780
1464600386.992046 -2.851 -11.418 1.720
1464600387.437126 -2.890 -10.912 1.577
1464600387.682368 -2.881 -10.634 1.499
1464600387.781773 -2.871 -10.519 1.466
1464600387.851645 -2.862 -10.438 1.443
1464600387.906108 -2.853 -10.375 1.425
1464600387.985029 -2.839 -10.284 1.402
1464600388.063092 -2.823 -10.196 1.385
1464600388.125093 -2.809 -10.125 1.373
1464600388.204216 -2.790 -10.035 1.358
1464600388.252858 -2.778 -9.979 1.349
1464600388.312077 -2.762 -9.912 1.338
1464600388.379404 -2.744 -9.836 1.325
1464600388.445841 -2.725 -9.761 1.313
1464600388.511336 -2.704 -9.687 1.300
1464600388.577928 -2.683 -9.611 1.287
1464600388.643928 -2.661 -9.537 1.275
1464600388.710075 -2.638 -9.464 1.263
1464600388.762343 -2.619 -9.406 1.253
1464600388.834511 -2.592 -9.326 1.239
1464600388.896531 -2.569 -9.258 1.227
1464600388.961352 -2.543 -9.187 1.215
1464600389.029612 -2.515 -9.113 1.203
1464600389.247576 -2.421 -8.885 1.163
1464600389.563118 -2.278 -8.556 1.171
1464600389.644734 -2.242 -8.468 1.189
1464600389.707573 -2.216 -8.401 1.203
1464600389.770899 -2.190 -8.332 1.217
1464600389.832704 -2.165 -8.263 1.232
1464600389.911767 -2.135 -8.177 1.249
1464600389.971323 -2.113 -8.109 1.263
1464600390.034225 -2.091 -8.038 1.278
1464600390.113484 -2.066 -7.952 1.296
1464600390.175825 -2.047 -7.882 1.310
1464600390.600406 -1.945 -7.415 1.404
1464600390.771107 -1.916 -7.221 1.442
1464600390.870643 -1.903 -7.109 1.464
1464600390.937073 -1.895 -7.030 1.480
1464600391.007061 -1.888 -6.949 1.495
1464600391.079892 -1.883 -6.866 1.512
1464600391.144737 -1.879 -6.791 1.527
1464600391.217445 -1.876 -6.706 1.543
1464600391.284180 -1.874 -6.629 1.558
1464600391.350858 -1.874 -6.553 1.573
1464600391.612031 -1.883 -6.257 1.631
1464600391.871734 -1.910 -5.961 1.689
1464600391.966262 -1.924 -5.852 1.711
1464600392.036676 -1.936 -5.772 1.727
1464600392.125610 -1.952 -5.672 1.747
1464600392.192236 -1.966 -5.596 1.762
1464600392.268754 -1.984 -5.510 1.779
1464600392.332906 -2.000 -5.437 1.793
1464600392.396218 -2.016 -5.366 1.808
1464600392.475613 -2.039 -5.277 1.826
1464600392.555913 -2.063 -5.189 1.844
1464600392.736751 -2.122 -4.992 1.884
1464600393.049002 -2.242 -4.658 1.937
1464600393.382683 -2.381 -4.308 1.963
1464600393.510759 -2.438 -4.173 1.973
1464600393.623976 -2.489 -4.053 1.982
1464600393.714299 -2.531 -3.959 1.989
1464600393.773858 -2.560 -3.894 1.993
1464600393.851484 -2.597 -3.812 1.994
1464600393.948037 -2.642 -3.710 1.989
1464600394.005939 -2.670 -3.647 1.983
1464600394.070597 -2.701 -3.576 1.972
1464600394.155113 -2.738 -3.486 1.953
1464600394.218068 -2.764 -3.419 1.937
1464600394.272858 -2.787 -3.357 1.922
1464600394.360479 -2.821 -3.262 1.900
1464600394.415990 -2.842 -3.201 1.886
1464600394.488991 -2.867 -3.120 1.868
1464600394.562642 -2.892 -3.038 1.849
1464600394.626288 -2.912 -2.965 1.832
1464600394.701622 -2.934 -2.880 1.813
1464600394.774806 -2.953 -2.797 1.794
1464600394.839590 -2.969 -2.725 1.778
1464600394.996562 -3.002 -2.551 1.739
1464600395.444225 -3.059 -2.056 1.628
1464600395.694317 -3.064 -1.845 1.566
1464600395.816799 -3.063 -1.765 1.535
1464600395.907981 -3.061 -1.716 1.512
1464600395.990738 -3.058 -1.674 1.491
1464600396.043612 -3.055 -1.647 1.477
1464600396.451028 -3.026 -1.445 1.376
1464600396.578630 -3.013 -1.383 1.344
1464600396.663113 -3.003 -1.341 1.323
1464600396.755894 -2.991 -1.296 1.300
1464600396.847937 -2.978 -1.251 1.276
1464600396.915032 -2.967 -1.218 1.259
1464600397.007655 -2.952 -1.174 1.236
1464600397.082736 -2.939 -1.137 1.217
1464600397.140430 -2.929 -1.110 1.202
1464600397.552605 -2.845 -0.922 1.100
1464600397.736940 -2.801 -0.841 1.054
1464600397.790513 -2.788 -0.817 1.040
1464600397.883854 -2.763 -0.776 1.019
1464600397.963599 -2.742 -0.741 1.007
1464600398.031393 -2.723 -0.712 1.000
1464600398.125741 -2.697 -0.672 0.997
1464600398.192615 -2.678 -0.643 0.998
1464600398.266325 -2.658 -0.612 0.998
1464600398.336270 -2.639 -0.582 0.998
1464600398.421273 -2.616 -0.546 0.998
1464600398.500856 -2.594 -0.513 0.998
1464600398.728513 -2.532 -0.416 0.999
1464600399.082288 -2.432 -0.270 0.930
1464600399.467876 -2.310 -0.121 0.841
1464600399.742312 -2.215 -0.021 0.778
1464600399.921038 -2.149 0.041 0.736
1464600400.013610 -2.114 0.072 0.715
1464600400.092341 -2.083 0.098 0.696
1464600400.158190 -2.057 0.120 0.680
1464600400.237065 -2.026 0.145 0.662
1464600400.318492 -1.993 0.170 0.643
1464600400.383564 -1.966 0.190 0.627
1464600400.564178 -1.892 0.241 0.586
1464600400.859796 -1.767 0.318 0.519
1464600401.387893 -1.529 0.435 0.396
1464600401.570468 -1.444 0.469 0.354
1464600401.666949 -1.398 0.485 0.331
1464600401.750921 -1.357 0.499 0.312
1464600401.857539 -1.306 0.515 0.287
1464600401.965938 -1.253 0.530 0.265
1464600402.068506 -1.203 0.543 0.253
1464600402.121906 -1.176 0.550 0.250
1464600402.207489 -1.133 0.561 0.251
1464600402.272527 -1.101 0.569 0.255
1464600402.341475 -1.067 0.578 0.259
1464600402.412262 -1.031 0.587 0.264
1464600402.486261 -0.995 0.597 0.268
1464600402.579179 -0.950 0.610 0.274
1464600402.654065 -0.913 0.620 0.279
1464600402.716914 -0.882 0.629 0.283
1464600402.822148 -0.831 0.644 0.290
1464600402.904605 -0.791 0.656 0.295
1464600402.962519 -0.762 0.665 0.298
1464600403.053890 -0.718 0.679 0.304
1464600403.494229 -0.509 0.748 0.332
1464600403.647438 -0.436 0.773 0.341
1464600403.728750 -0.396 0.787 0.347
1464600403.816338 -0.354 0.803 0.352
1464600403.911244 -0.310 0.819 0.358
1464600403.992454 -0.271 0.834 0.363
1464600404.072716 -0.232 0.849 0.368
1464600404.165567 -0.188 0.866 0.374
1464600404.331434 -0.111 0.897 0.385
1464600404.753030 0.084 0.979 0.411
1464600404.894021 0.149 1.007 0.420
1464600404.979057 0.188 1.025 0.425
1464600405.102750 0.245 1.051 0.433
1464600405.199859 0.290 1.072 0.439
1464600405.289617 0.331 1.091 0.445
1464600405.588060 0.465 1.157 0.464
1464600405.918243 0.613 1.232 0.459
1464600406.004929 0.652 1.251 0.441
1464600406.098934 0.695 1.271 0.420
1464600406.213724 0.748 1.293 0.394
1464600406.326907 0.802 1.315 0.369
1464600406.417370 0.844 1.331 0.349
1464600406.513547 0.891 1.347 0.327
1464600406.602381 0.934 1.361 0.309
1464600407.229991 1.226 1.444 0.245
1464600407.530701 1.382 1.480 0.215
1464600407.650297 1.440 1.493 0.204
1464600407.764757 1.497 1.504 0.193
1464600407.886999 1.558 1.515 0.181
1464600408.014487 1.621 1.527 0.169
1464600408.119531 1.674 1.535 0.158
1464600408.208240 1.719 1.542 0.150
1464600408.302254 1.766 1.549 0.141
1464600408.372333 1.802 1.554 0.134
1464600408.470046 1.851 1.561 0.125
1464600408.586294 1.910 1.568 0.113
1464600408.672563 1.953 1.572 0.105
1464600408.767391 2.001 1.577 0.096
1464600409.909865 2.599 1.601 -0.017
1464600410.000571 2.747 1.596 -0.043
1464600410.124437 2.958 1.583 -0.080
1464600410.591556 3.748 1.465 -0.218
1464600410.692120 3.916 1.425 -0.248
1464600410.800163 4.095 1.377 -0.281
1464600410.908758 4.276 1.321 -0.313
1464600410.973728 4.384 1.285 -0.330
1464600411.041552 4.496 1.246 -0.345
1464600411.124664 4.631 1.196 -0.357
1464600411.199339 4.754 1.150 -0.366
1464600411.569007 5.336 0.912 -0.409
1464600411.756371 5.636 0.778 -0.431
1464600411.847602 5.779 0.712 -0.442
1464600411.935830 5.918 0.645 -0.452
1464600412.006382 6.028 0.591 -0.460
1464600412.087795 6.153 0.528 -0.470
1464600412.159876 6.268 0.469 -0.478
1464600412.236318 6.387 0.407 -0.483
1464600412.317784 6.512 0.342 -0.483
1464600412.401838 6.641 0.274 -0.478
1464600412.747891 7.165 0.015 -0.441
1464600412.963992 7.509 -0.142 -0.417
1464600413.045019 7.636 -0.198 -0.409
1464600413.130736 7.775 -0.258 -0.399
1464600413.219348 7.918 -0.317 -0.390
1464600413.298070 8.043 -0.367 -0.381
1464600413.360739 8.145 -0.408 -0.374
1464600413.439530 8.272 -0.457 -0.366
1464600413.520908 8.406 -0.508 -0.357
1464600413.599991 8.536 -0.556 -0.348
1464600413.697756 8.695 -0.613 -0.337
1464600413.844693 8.931 -0.693 -0.321
1464600414.432232 9.902 -0.947 -0.169
1464600414.641423 10.260 -0.989 -0.055
1464600414.775802 10.491 -0.992 0.029
1464600414.866464 10.649 -0.983 0.087
1464600414.950158 10.794 -0.966 0.140
1464600415.017911 10.912 -0.947 0.183
1464600415.093554 11.041 -0.920 0.231
1464600415.155566 11.147 -0.893 0.271
1464600415.231405 11.275 -0.854 0.320
1464600415.304422 11.397 -0.810 0.367
1464600415.376476 11.513 -0.763 0.413
1464600415.658354 11.939 -0.532 0.576
1464600415.903480 12.278 -0.286 0.680
1464600415.999826 12.406 -0.178 0.721
1464600416.081708 12.511 -0.082 0.756
1464600416.138923 12.583 -0.013 0.781
1464600416.226582 12.690 0.097 0.819
1464600416.298336 12.769 0.185 0.850
1464600416.368430 12.843 0.271 0.880
1464600416.450574 12.923 0.371 0.916
1464600416.547843 13.006 0.484 0.958
1464600416.622949 13.064 0.569 0.990
1464600416.703030 13.121 0.660 1.024
1464600416.782460 13.176 0.754 1.059
1464600416.854100 13.223 0.841 1.090
1464600416.940141 13.276 0.945 1.127
1464600417.272574 13.438 1.358 1.262
1464600417.659205 13.576 1.855 1.336
1464600417.795538 13.616 2.034 1.363
1464600417.871240 13.637 2.136 1.378
1464600417.963474 13.660 2.259 1.396
1464600418.035986 13.677 2.359 1.409
1464600418.108469 13.692 2.456 1.418
1464600418.634489 13.784 3.152 1.462
1464600418.702718 13.794 3.244 1.468
1464600418.779225 13.804 3.349 1.474
1464600418.866689 13.815 3.468 1.482
1464600418.932723 13.823 3.557 1.488
1464600419.006250 13.831 3.658 1.494
1464600419.078528 13.838 3.756 1.500
1464600419.146397 13.844 3.849 1.506
1464600419.212032 13.850 3.939 1.512
1464600419.296946 13.857 4.054 1.519
1464600419.408500 13.864 4.205 1.528
1464600419.796521 13.877 4.723 1.561
1464600419.930590 13.878 4.920 1.572
1464600419.992479 13.878 5.005 1.576
1464600420.120093 13.877 5.158 1.583
1464600420.242980 13.875 5.288 1.589
1464600420.321562 13.873 5.362 1.592
1464600420.390851 13.872 5.421 1.594
1464600420.877533 13.862 5.772 1.606
1464600420.991735 13.859 5.840 1.608
1464600421.061716 13.858 5.880 1.610
1464600421.130164 13.856 5.919 1.611
1464600421.196749 13.854 5.957 1.612
1464600421.282919 13.853 5.999 1.614
1464600421.360677 13.851 6.030 1.615
1464600421.431908 13.850 6.053 1.616
1464600421.514256 13.849 6.074 1.617
1464600421.578745 13.849 6.088 1.617
1464600421.660973 13.848 6.102 1.617
1464600422.245888 13.844 6.182 1.620
1464600422.570506 13.842 6.219 1.622
1464600422.684283 13.842 6.232 1.622
1464600422.782068 13.841 6.243 1.622
1464600422.849553 13.841 6.250 1.623
1464600422.949815 13.840 6.261 1.623
1464600423.030190 13.840 6.270 1.623
1464600423.100272 13.839 6.278 1.624
1464600423.172132 13.839 6.286 1.624
1464600423.243371 13.838 6.294 1.624
1464600423.318591 13.838 6.302 1.624
1464600423.395591 13.837 6.311 1.625
1464600423.470859 13.837 6.319 1.625
1464600423.564074 13.836 6.329 1.625
1464600423.666536 13.836 6.341 1.626
1464600423.743771 13.835 6.349 1.626
1464600423.816344 13.835 6.357 1.626
1464600423.893308 13.834 6.366 1.630
1464600423.973350 13.834 6.375 1.639
1464600424.382610 13.829 6.419 1.731
1464600424.746491 13.821 6.458 1.830
1464600425.055904 13.811 6.490 1.916
1464600425.449493 13.794 6.529 2.024
1464600425.569902 13.788 6.541 2.057
1464600425.672857 13.783 6.551 2.086
1464600425.765870 13.778 6.560 2.112
1464600425.832578 13.774 6.566 2.131
1464600425.915430 13.769 6.574 2.154
1464600425.989285 13.764 6.581 2.175
1464600426.068513 13.759 6.588 2.197
1464600426.154697 13.753 6.596 2.221
1464600426.234107 13.748 6.602 2.243
1464600426.567207 13.724 6.630 2.334
1464600426.826813 13.704 6.649 2.405
1464600426.942025 13.695 6.657 2.437
1464600427.044655 13.688 6.663 2.460
1464600427.127088 13.683 6.667 2.475
1464600427.200720 13.680 6.670 2.486
1464600427.276578 13.677 6.672 2.495
1464600427.359252 13.674 6.674 2.503
1464600427.862799 13.634 6.702 2.546
1464600427.955056 13.610 6.718 2.554
1464600428.057922 13.582 6.736 2.562
1464600428.117434 13.566 6.747 2.568
1464600428.203941 13.543 6.762 2.575
1464600428.289989 13.519 6.776 2.582
1464600428.364623 13.499 6.789 2.589
1464600428.449582 13.476 6.803 2.596
1464600428.543662 13.450 6.819 2.604
1464600428.613728 13.431 6.830 2.610
1464600429.175838 13.276 6.916 2.657
1464600429.547091 13.171 6.970 2.689
1464600429.672144 13.135 6.987 2.700
1464600429.762314 13.108 6.999 2.707
1464600429.861664 13.080 7.013 2.716
1464600429.936442 13.058 7.022 2.722
1464600430.028765 13.031 7.034 2.730
1464600430.103787 13.008 7.044 2.737
1464600430.196479 12.981 7.056 2.745
1464600430.275610 12.958 7.065 2.751
1464600430.345106 12.937 7.074 2.757
1464600430.422688 12.914 7.083 2.764
1464600430.559605 12.877 7.097 2.774
1464600430.714581 12.829 7.116 2.788
1464600431.336998 12.641 7.179 2.841
1464600431.556224 12.574 7.199 2.860
1464600431.636850 12.549 7.206 2.867
1464600431.721674 12.523 7.214 2.874
1464600431.791344 12.501 7.220 2.880
1464600431.871500 12.476 7.226 2.887
1464600431.966375 12.447 7.234 2.895
1464600432.058850 12.418 7.241 2.903
1464600432.138006 12.393 7.247 2.910
1464600432.214926 12.369 7.252 2.917
1464600432.295956 12.343 7.258 2.924
1464600432.368461 12.321 7.263 2.930
1464600432.479007 12.286 7.270 2.939
1464600432.564908 12.259 7.276 2.947
1464600432.646569 12.233 7.281 2.954
1464600432.748673 12.201 7.287 2.962
1464600432.825358 12.177 7.291 2.969
1464600432.916639 12.147 7.296 2.977
1464600433.002875 12.120 7.300 2.984
1464600433.516376 11.960 7.322 3.028
1464600433.607874 11.930 7.326 3.035
1464600433.715720 11.896 7.329 3.045
1464600433.786988 11.873 7.331 3.051
1464600433.896699 11.839 7.334 3.060
1464600434.017034 11.800 7.337 3.070
1464600434.112528 11.770 7.339 3.079
1464600434.197513 11.743 7.341 3.086
1464600434.735165 11.527 7.347 3.131
1464600434.825949 11.480 7.348 3.139
1464600434.927745 11.426 7.348 -3.136
1464600435.005819 11.386 7.347 -3.129
1464600435.087954 11.343 7.347 -3.122
1464600435.162194 11.303 7.346 -3.115
1464600435.242894 11.261 7.345 -3.109
1464600435.322186 11.220 7.343 -3.102
1464600435.397056 11.181 7.341 -3.095
1464600435.756379 10.996 7.330 -3.065
1464600435.981927 10.880 7.320 -3.046
1464600436.069527 10.834 7.315 -3.038
1464600436.152860 10.791 7.311 -3.031
1464600436.230570 10.751 7.306 -3.025
1464600436.300810 10.714 7.302 -3.019
1464600436.398716 10.664 7.295 -3.010
1464600436.488011 10.618 7.289 -3.003
1464600436.573127 10.573 7.283 -2.995
1464600436.646951 10.534 7.277 -2.989
1464600436.977720 10.487 7.269 -2.987
1464600437.385594 10.160 7.220 -2.999
1464600437.665102 10.016 7.200 -3.005
1464600437.807364 9.943 7.190 -3.008
1464600437.902393 9.893 7.184 -3.010
1464600438.001670 9.842 7.177 -3.012
1464600438.097803 9.793 7.171 -3.014
1464600438.169694 9.755 7.166 -3.015
1464600438.255200 9.710 7.160 -3.017
1464600438.331263 9.670 7.155 -3.018
1464600438.431011 9.618 7.149 -3.020
1464600438.515237 9.575 7.143 -3.019
1464600438.589056 9.536 7.139 -3.014
1464600438.667706 9.495 7.133 -3.006
1464600438.739225 9.458 7.128 -2.999
1464600438.815368 9.418 7.122 -2.992
1464600438.907596 9.371 7.115 -2.983
1464600439.008708 9.319 7.106 -2.974
1464600439.456312 9.093 7.063 -2.932
1464600439.837276 8.902 7.019 -2.896
1464600440.044456 8.798 6.992 -2.876
1464600440.187576 8.726 6.972 -2.863
1464600440.606174 8.520 6.908 -2.824
1464600440.710668 8.468 6.891 -2.814
1464600440.788654 8.430 6.878 -2.806
1464600440.876897 8.386 6.862 -2.798
1464600440.951361 8.349 6.849 -2.791
1464600441.022658 8.314 6.836 -2.784
1464600441.106793 8.273 6.820 -2.776
1464600441.187161 8.234 6.805 -2.768
1464600441.261772 8.198 6.791 -2.761
1464600441.354360 8.153 6.773 -2.752
1464600441.423796 8.119 6.759 -2.746
1464600441.543989 8.061 6.734 -2.734
1464600441.971805 7.862 6.643 -2.694
1464600442.347648 7.689 6.557 -2.659
1464600442.557742 7.593 6.505 -2.639
1464600442.632207 7.558 6.486 -2.632
1464600442.719499 7.519 6.464 -2.624
1464600442.810724 7.477 6.440 -2.615
1464600442.902147 7.436 6.415 -2.606
1464600442.975658 7.403 6.396 -2.599
1464600443.069130 7.362 6.371 -2.590
1464600443.139508 7.330 6.351 -2.584
1464600443.229083 7.291 6.326 -2.575
1464600443.317806 7.252 6.301 -2.567
1464600443.387462 7.221 6.281 -2.560
1464600443.483065 7.179 6.253 -2.551
1464600443.567243 7.143 6.229 -2.543
1464600443.642541 7.110 6.207 -2.536
1464600443.725843 7.074 6.181 -2.528
1464600443.809056 7.039 6.156 -2.520
1464600444.443980 6.780 5.959 -2.460
1464600444.737849 6.663 5.861 -2.433
1464600444.868342 6.612 5.817 -2.420
1464600444.946710 6.581 5.789 -2.416
1464600445.067639 6.534 5.748 -2.418
1464600445.146995 6.502 5.720 -2.424
1464600445.230136 6.470 5.692 -2.431
1464600445.310438 6.438 5.665 -2.437
1464600445.392410 6.406 5.637 -2.443
1464600445.499248 6.363 5.602 -2.452
1464600445.659310 6.301 5.551 -2.464
1464600445.999840 6.161 5.441 -2.491
1464600446.515660 5.947 5.285 -2.530
1464600446.630971 5.898 5.252 -2.539
1464600446.710967 5.863 5.227 -2.546
1464600446.794437 5.827 5.203 -2.552
1464600446.866410 5.795 5.182 -2.558
1464600446.953106 5.756 5.156 -2.565
1464600447.023360 5.726 5.137 -2.571
1464600447.115814 5.685 5.111 -2.578
1464600447.186771 5.654 5.091 -2.583
1464600447.270530 5.617 5.068 -2.590
1464600447.740892 5.409 4.945 -2.626
1464600447.842374 5.362 4.919 -2.634
1464600447.929961 5.322 4.897 -2.641
1464600448.003762 5.288 4.879 -2.647
1464600448.092498 5.247 4.857 -2.654
1464600448.179645 5.208 4.836 -2.661
1464600448.266682 5.167 4.815 -2.668
1464600448.337289 5.134 4.798 -2.673
1464600448.409209 5.100 4.781 -2.679
1464600448.494889 5.060 4.761 -2.686
1464600448.980010 4.833 4.655 -2.724
1464600449.069975 4.790 4.636 -2.731
1464600449.147167 4.753 4.620 -2.737
1464600449.248686 4.704 4.600 -2.745
1464600449.322092 4.668 4.585 -2.751
1464600449.409883 4.625 4.567 -2.758
1464600449.503404 4.580 4.549 -2.765
1464600449.584230 4.540 4.534 -2.771
1464600449.713521 4.478 4.509 -2.771
1464600450.283146 4.207 4.398 -2.734
1464600450.590115 4.062 4.334 -2.714
1464600450.723506 3.999 4.305 -2.705
1464600450.874998 3.928 4.271 -2.695
1464600450.969534 3.883 4.250 -2.688
1464600451.063956 3.839 4.228 -2.682
1464600451.140127 3.804 4.210 -2.677
1464600451.232924 3.760 4.188 -2.671
1464600451.308169 3.725 4.171 -2.666
1464600451.400676 3.682 4.148 -2.659
1464600451.481370 3.644 4.128 -2.654
1464600451.567551 3.605 4.107 -2.648
1464600451.659806 3.563 4.084 -2.642
1464600451.748052 3.522 4.062 -2.636
1464600451.845260 3.478 4.037 -2.630
1464600452.371835 3.245 3.901 -2.595
1464600452.712490 3.096 3.808 -2.573
1464600452.834462 3.042 3.774 -2.565
1464600452.964173 2.986 3.736 -2.556
1464600453.047854 2.949 3.712 -2.550
1464600453.447339 2.780 3.595 -2.524
1464600453.635136 2.701 3.538 -2.511
1464600453.715868 2.666 3.513 -2.506
1464600453.798740 2.632 3.487 -2.501
1464600453.884079 2.596 3.461 -2.495
1464600453.980250 2.556 3.430 -2.488
1464600454.068345 2.520 3.402 -2.483
1464600454.138946 2.491 3.380 -2.478
1464600454.220488 2.457 3.353 -2.472
1464600454.314339 2.419 3.322 -2.466
1464600454.446411 2.366 3.280 -2.457
1464600454.856439 2.204 3.144 -2.430
1464600454.948202 2.168 3.113 -2.424
1464600455.039692 2.131 3.081 -2.418
1464600455.131693 2.095 3.049 -2.412
1464600455.220216 2.061 3.018 -2.406
1464600455.302001 2.029 2.988 -2.400
1464600455.379198 1.999 2.961 -2.395
1464600455.776333 1.851 2.820 -2.369
1464600455.977978 1.777 2.747 -2.356
1464600456.097239 1.733 2.703 -2.348
1464600456.178118 1.703 2.673 -2.342
1464600456.283211 1.666 2.634 -2.335
1464600456.369475 1.634 2.601 -2.330
1464600456.456526 1.603 2.568 -2.324
1464600456.553607 1.569 2.531 -2.317
1464600456.642541 1.537 2.497 -2.311
1464600456.740397 1.503 2.459 -2.305
1464600456.937352 1.435 2.383 -2.292
1464600457.513121 1.244 2.157 -2.254
1464600457.743861 1.169 2.063 -2.239
1464600457.909319 1.117 1.997 -2.228
1464600458.049834 1.072 1.937 -2.218
1464600458.152492 1.040 1.894 -2.212
1464600458.269979 1.003 1.845 -2.204
1464600458.380471 0.969 1.798 -2.196
1464600458.484282 0.938 1.755 -2.189
1464600458.574006 0.911 1.716 -2.183
1464600458.673826 0.881 1.674 -2.177
1464600458.760541 0.855 1.636 -2.171
1464600458.899603 0.814 1.576 -2.162
1464600459.217918 0.725 1.440 -2.141
1464600459.758073 0.579 1.203 -2.105
1464600459.945421 0.530 1.119 -2.093
1464600460.093929 0.492 1.052 -2.083
1464600460.599414 0.368 0.823 -2.050
1464600460.682402 0.348 0.785 -2.044
1464600460.780064 0.325 0.739 -2.038
1464600460.864224 0.305 0.699 -2.032
1464600460.950577 0.285 0.659 -2.026
1464600461.052716 0.262 0.610 -2.019
1464600461.135238 0.243 0.571 -2.014
1464600461.216627 0.225 0.533 -2.008
1464600461.414586 0.182 0.440 -1.995
1464600461.785902 0.106 0.265 -1.971
1464600461.868730 0.089 0.225 -1.965
1464600461.960066 0.071 0.180 -1.959
1464600462.059966 0.051 0.132 -1.952
1464600462.139480 0.036 0.093 -1.947
1464600462.245874 0.016 0.043 -1.940
1464600462.342604 -0.002 -0.005 -1.934
1464600462.777930 -0.078 -0.214 -1.905
1464600462.980629 -0.126 -0.354 -1.892
1464600463.082931 -0.155 -0.442 -1.885
1464600463.204085 -0.188 -0.547 -1.877
1464600463.306816 -0.217 -0.638 -1.870
1464600463.413411 -0.245 -0.730 -1.863
1464600463.511855 -0.271 -0.818 -1.856
1464600464.056774 -0.400 -1.290 -1.820
1464600464.495186 -0.493 -1.677 -1.791
1464600464.622610 -0.518 -1.790 -1.783
1464600464.729970 -0.538 -1.886 -1.776
1464600464.848197 -0.560 -1.992 -1.768
1464600464.941966 -0.576 -2.077 -1.762
1464600465.025999 -0.591 -2.153 -1.756
1464600465.138794 -0.610 -2.255 -1.748
1464600465.235559 -0.625 -2.341 -1.742
1464600465.338120 -0.640 -2.434 -1.735
1464600465.528821 -0.668 -2.605 -1.722
1464600465.976702 -0.723 -3.006 -1.693
1464600466.082565 -0.734 -3.101 -1.686
1464600466.179485 -0.744 -3.190 -1.679
1464600466.284175 -0.754 -3.285 -1.672
1464600466.391708 -0.764 -3.383 -1.665
1464600466.493585 -0.772 -3.476 -1.658
1464600466.578239 -0.779 -3.555 -1.653
1464600466.675820 -0.786 -3.643 -1.648
1464600466.765225 -0.793 -3.725 -1.650
1464600466.870075 -0.800 -3.820 -1.660
1464600467.012852 -0.813 -3.949 -1.674
1464600467.692658 -0.896 -4.556 -1.740
1464600467.966648 -0.941 -4.800 -1.766
1464600468.385854 -1.022 -5.169 -1.807
1464600468.630289 -1.076 -5.384 -1.831
1464600468.731930 -1.100 -5.474 -1.841
1464600468.842219 -1.128 -5.570 -1.852
1464600468.943194 -1.154 -5.659 -1.862
1464600469.043442 -1.181 -5.747 -1.872
1464600469.131969 -1.206 -5.826 -1.881
1464600469.235831 -1.235 -5.916 -1.891
1464600469.605335 -1.346 -6.231 -1.927
1464600469.921270 -1.449 -6.497 -1.958
1464600470.070777 -1.501 -6.622 -1.972
1464600470.195344 -1.547 -6.727 -1.984
1464600470.287661 -1.581 -6.804 -1.994
1464600470.397754 -1.623 -6.896 -2.004
1464600470.914506 -1.829 -7.313 -2.055
1464600471.070133 -1.895 -7.438 -2.070
1464600471.175850 -1.942 -7.523 -2.080
1464600471.279498 -1.989 -7.606 -2.091
1464600471.378755 -2.034 -7.683 -2.100
1464600471.473844 -2.078 -7.758 -2.109
1464600471.601340 -2.138 -7.857 -2.122
1464600472.261756 -2.464 -8.355 -2.163
1464600472.529816 -2.595 -8.560 -2.114
1464600472.676008 -2.662 -8.675 -2.087
1464600472.826782 -2.729 -8.796 -2.060
1464600472.901821 -2.761 -8.857 -2.046
1464600472.988928 -2.797 -8.928 -2.030
1464600473.100757 -2.841 -9.020 -2.010
1464600473.186252 -2.874 -9.092 -1.994
1464600473.283237 -2.910 -9.174 -1.979
1464600473.379247 -2.945 -9.255 -1.971
1464600473.490161 -2.983 -9.347 -1.964
1464600473.579212 -3.015 -9.423 -1.959
1464600473.675202 -3.047 -9.504 -1.953
1464600473.781876 -3.084 -9.595 -1.946
1464600474.462405 -3.305 -10.167 -1.969
1464600474.771534 -3.419 -10.422 -2.019
1464600474.910268 -3.476 -10.535 -2.041
1464600475.033826 -3.528 -10.636 -2.062
1464600475.135230 -3.572 -10.717 -2.078
1464600475.228333 -3.614 -10.790 -2.093
1464600475.320846 -3.656 -10.863 -2.108
1464600475.423792 -3.705 -10.944 -2.125
1464600475.575956 -3.780 -11.061 -2.150
1464600476.012058 -4.007 -11.383 -2.220
1464600476.117607 -4.066 -11.459 -2.237
1464600476.227626 -4.129 -11.538 -2.255
1464600476.319933 -4.183 -11.603 -2.270
1464600476.413981 -4.239 -11.669 -2.285
1464600476.530555 -4.310 -11.750 -2.305
1464600476.636354 -4.375 -11.820 -2.322
1464600476.737691 -4.440 -11.888 -2.338
1464600476.841125 -4.506 -11.956 -2.354
1464600476.949767 -4.577 -12.026 -2.362
1464600477.062230 -4.650 -12.099 -2.360
1464600477.578134 -4.975 -12.433 -2.323
1464600477.698677 -5.050 -12.514 -2.314
1464600477.793710 -5.109 -12.579 -2.307
1464600477.906439 -5.178 -12.656 -2.299
1464600478.004913 -5.238 -12.723 -2.292
1464600478.107017 -5.300 -12.794 -2.285
1464600478.202659 -5.357 -12.861 -2.278
1464600478.327865 -5.430 -12.946 -2.269
1464600478.746081 -5.669 -13.240 -2.239
1464600478.913544 -5.763 -13.360 -2.227
1464600479.013491 -5.819 -13.434 -2.220
1464600479.104128 -5.869 -13.501 -2.213
1464600479.203616 -5.923 -13.573 -2.206
1464600479.302945 -5.977 -13.647 -2.199
1464600479.402188 -6.030 -13.721 -2.192
1464600479.864440 -6.267 -14.063 -2.159
1464600480.032658 -6.351 -14.192 -2.147
1464600480.151957 -6.410 -14.283 -2.138
1464600480.308760 -6.486 -14.404 -2.127
1464600480.449945 -6.553 -14.513 -2.117
1464600480.577358 -6.613 -14.612 -2.108
1464600481.106257 -6.849 -15.027 -2.070
1464600481.508758 -7.019 -15.349 -2.041
1464600481.664767 -7.082 -15.475 -2.030
1464600481.786332 -7.131 -15.575 -2.021
1464600481.896303 -7.174 -15.665 -2.013
1464600482.052488 -7.234 -15.793 -2.002
1464600482.164521 -7.277 -15.887 -1.994
1464600482.286468 -7.322 -15.988 -1.985
1464600482.407238 -7.366 -16.090 -1.977
1464600482.541094 -7.415 -16.203 -1.979
1464600482.675762 -7.464 -16.315 -1.994
1464600482.776470 -7.502 -16.398 -2.006
1464600482.908200 -7.554 -16.507 -2.022
1464600483.151079 -7.653 -16.703 -2.052
1464600483.723241 -7.907 -17.152 -2.121
1464600483.933988 -8.009 -17.314 -2.147
1464600484.090314 -8.088 -17.432 -2.166
1464600484.600362 -8.358 -17.806 -2.227
1464600484.711593 -8.420 -17.886 -2.241
1464600484.820766 -8.483 -17.964 -2.254
1464600484.934707 -8.550 -18.045 -2.268
1464600485.029201 -8.605 -18.110 -2.280
1464600485.129139 -8.665 -18.179 -2.292
1464600485.220721 -8.722 -18.243 -2.304
1464600485.314612 -8.779 -18.306 -2.315
1464600485.409274 -8.838 -18.370 -2.327
1464600485.930907 -9.167 -18.706 -2.335
1464600486.057759 -9.246 -18.790 -2.312
1464600486.138977 -9.297 -18.846 -2.298
1464600486.273696 -9.378 -18.939 -2.274
1464600486.354287 -9.425 -18.996 -2.259
1464600486.478514 -9.496 -19.084 -2.237
1464600486.570010 -9.547 -19.151 -2.221
1464600486.700854 -9.619 -19.247 -2.197
1464600487.318882 -9.920 -19.715 -2.089
1464600487.624749 -10.057 -19.956 -2.083
1464600487.793020 -10.131 -20.089 -2.080
1464600487.924355 -10.190 -20.194 -2.078
1464600488.018256 -10.232 -20.271 -2.076
1464600488.106387 -10.271 -20.341 -2.075
1464600488.197931 -10.313 -20.416 -2.073
1464600488.287754 -10.352 -20.488 -2.072
1464600488.375034 -10.390 -20.557 -2.070
1464600488.472505 -10.432 -20.635 -2.068
1464600488.569416 -10.475 -20.714 -2.067
1464600488.644559 -10.508 -20.775 -2.065
1464600488.738879 -10.549 -20.852 -2.064
1464600488.826416 -10.587 -20.922 -2.062
1464600488.912547 -10.624 -20.992 -2.061
1464600489.404703 -10.832 -21.385 -2.052
1464600489.833509 -11.010 -21.729 -2.045
1464600489.974360 -11.068 -21.843 -2.045
1464600490.406608 -11.255 -22.185 -2.117
1464600490.552564 -11.327 -22.297 -2.164
1464600490.681811 -11.395 -22.393 -2.206
1464600490.787590 -11.454 -22.470 -2.240
1464600490.868313 -11.500 -22.528 -2.266
1464600490.953747 -11.551 -22.587 -2.294
1464600491.050508 -11.611 -22.653 -2.325
1464600491.134902 -11.664 -22.708 -2.352
1464600491.222101 -11.721 -22.763 -2.380
1464600491.333962 -11.795 -22.832 -2.416
1464600491.737763 -12.083 -23.055 -2.545
1464600491.889552 -12.199 -23.130 -2.594
1464600492.000684 -12.287 -23.182 -2.630
1464600492.083066 -12.354 -23.218 -2.657
1464600492.185301 -12.438 -23.260 -2.690
1464600492.281976 -12.518 -23.298 -2.721
1464600492.374665 -12.595 -23.331 -2.751
1464600492.474067 -12.680 -23.364 -2.783
1464600492.987411 -13.114 -23.488 -2.943
1464600493.448603 -13.506 -23.539 -3.083
1464600493.579468 -13.619 -23.543 -3.123
1464600493.711245 -13.733 -23.543 3.127
1464600493.827146 -13.832 -23.540 3.104
1464600493.923494 -13.916 -23.536 3.084
1464600494.025058 -14.004 -23.531 3.064
1464600494.113683 -14.080 -23.524 3.046
1464600494.215921 -14.169 -23.514 3.025
1464600494.308605 -14.249 -23.504 3.006
1464600494.390026 -14.320 -23.494 2.989
1464600494.479326 -14.397 -23.482 2.971
1464600494.574816 -14.479 -23.467 2.952
1464600494.662744 -14.554 -23.451 2.934
1464600495.225237 -15.019 -23.326 2.822
1464600495.605241 -15.324 -23.212 2.746
1464600495.762361 -15.449 -23.157 2.721
1464600495.879759 -15.543 -23.115 2.709
1464600495.982623 -15.624 -23.077 2.698
1464600496.087005 -15.707 -23.037 2.687
1464600496.175432 -15.776 -23.003 2.677
1464600496.267516 -15.848 -22.966 2.668
1464600496.360344 -15.920 -22.929 2.658
1464600496.457310 -15.995 -22.889 2.648
1464600496.554312 -16.069 -22.849 2.638
1464600496.645826 -16.138 -22.810 2.628
1464600496.736457 -16.207 -22.771 2.616
1464600496.827713 -16.276 -22.730 2.598
1464600496.934130 -16.354 -22.681 2.571
1464600497.396588 -16.674 -22.449 2.457
1464600497.820196 -16.944 -22.205 2.352
1464600498.006415 -17.055 -22.088 2.306
1464600498.495014 -17.316 -21.761 2.185
1464600498.654822 -17.394 -21.646 2.145
1464600498.729542 -17.428 -21.591 2.127
1464600498.830012 -17.474 -21.516 2.101
1464600498.908496 -17.508 -21.456 2.082
1464600499.014148 -17.552 -21.376 2.055
1464600499.095111 -17.584 -21.313 2.035
1464600499.175056 -17.615 -21.250 2.015
1464600499.274219 -17.651 -21.171 1.990
1464600499.522887 -17.732 -20.974 1.928
1464600499.851572 -17.820 -20.706 1.847
1464600499.961094 -17.845 -20.612 1.819
1464600500.037463 -17.861 -20.548 1.800
1464600500.132124 -17.879 -20.467 1.776
1464600500.225849 -17.894 -20.388 1.753
1464600500.318916 -17.908 -20.308 1.730
1464600500.402729 -17.919 -20.236 1.709
1464600500.512249 -17.931 -20.142 1.682
1464600500.619647 -17.940 -20.050 1.656
1464600501.133913 -17.956 -19.611 1.561
1464600501.528601 -17.940 -19.271 1.490
1464600501.647944 -17.932 -19.170 1.484
1464600501.748893 -17.924 -19.079 1.481
1464600501.844220 -17.916 -18.996 1.477
1464600501.983258 -17.905 -18.876 1.472
1464600502.071411 -17.897 -18.799 1.469
1464600502.166775 -17.888 -18.716 1.466
1464600502.271260 -17.879 -18.626 1.462
1464600502.375046 -17.869 -18.538 1.459
1464600502.476090 -17.859 -18.450 1.455
1464600502.584322 -17.848 -18.356 1.452
1464600502.695587 -17.836 -18.260 1.448
1464600502.795650 -17.825 -18.173 1.444
1464600502.904635 -17.813 -18.075 1.440
1464600503.083527 -17.788 -17.891 1.430
1464600503.623162 -17.694 -17.318 1.388
1464600504.009474 -17.612 -16.909 1.358
1464600504.530616 -17.482 -16.363 1.317
1464600504.697717 -17.435 -16.187 1.304
1464600504.803254 -17.404 -16.076 1.295
1464600504.903131 -17.374 -15.972 1.288
1464600505.002830 -17.345 -15.875 1.280
1464600505.103996 -17.318 -15.786 1.272
1464600505.203863 -17.294 -15.707 1.264
1464600505.294578 -17.273 -15.641 1.257
1464600505.392648 -17.249 -15.568 1.249
1464600505.511994 -17.219 -15.481 1.240
1464600506.248008 -17.021 -14.953 1.182
1464600506.538066 -16.934 -14.748 1.160
1464600506.648982 -16.899 -14.668 1.151
1464600506.768030 -16.861 -14.584 1.142
1464600506.875638 -16.826 -14.508 1.142
1464600506.975880 -16.793 -14.436 1.149
1464600507.068240 -16.764 -14.371 1.158
1464600507.171048 -16.732 -14.297 1.167
1464600507.263852 -16.704 -14.230 1.176
1464600507.363927 -16.675 -14.158 1.185
1464600507.449004 -16.650 -14.097 1.193
1464600507.563153 -16.618 -14.014 1.203
1464600507.648885 -16.594 -13.952 1.211
1464600508.336831 -16.425 -13.456 1.274
1464600508.651246 -16.357 -13.222 1.302
1464600508.793489 -16.328 -13.115 1.316
1464600508.900759 -16.308 -13.035 1.325
1464600509.024710 -16.285 -12.942 1.337
1464600509.140710 -16.265 -12.855 1.349
1464600509.244546 -16.248 -12.776 1.369
1464600509.352770 -16.232 -12.693 1.399
1464600509.458220 -16.219 -12.612 1.434
1464600509.594333 -16.207 -12.508 1.479
1464600509.739144 -16.200 -12.395 1.527
1464600509.854058 -16.197 -12.306 1.565
1464600509.961851 -16.198 -12.223 1.600
1464600510.095033 -16.204 -12.120 1.644
1464600510.600028 -16.263 -11.739 1.808
1464600510.716717 -16.286 -11.651 1.847
1464600510.840997 -16.314 -11.559 1.888
1464600510.937534 -16.339 -11.488 1.919
1464600511.061997 -16.374 -11.397 1.956
1464600511.164174 -16.404 -11.324 1.977
1464600511.293883 -16.445 -11.233 2.003
1464600511.579587 -16.542 -11.037 2.060
1464600511.846354 -16.643 -10.859 2.113
1464600511.966210 -16.693 -10.779 2.135
1464600512.071022 -16.735 -10.712 2.145
1464600512.186718 -16.785 -10.635 2.149
1464600512.297320 -16.833 -10.563 2.152
1464600512.390602 -16.873 -10.502 2.155
1464600512.561625 -16.946 -10.392 2.160
1464600513.006937 -17.137 -10.110 2.172
1464600513.486358 -17.347 -9.808 2.186
1464600513.635579 -17.414 -9.713 2.184
1464600513.760125 -17.469 -9.634 2.168
1464600513.861974 -17.513 -9.569 2.150
1464600513.959892 -17.554 -9.504 2.133
1464600514.064312 -17.596 -9.436 2.115
1464600514.165718 -17.637 -9.367 2.097
1464600514.263686 -17.675 -9.301 2.081
1464600514.380026 -17.718 -9.221 2.060
1464600514.488471 -17.757 -9.147 2.042
1464600514.601468 -17.796 -9.068 2.022
1464600514.716804 -17.835 -8.987 2.002
1464600515.413994 -18.028 -8.491 1.883
1464600515.755084 -18.102 -8.239 1.825
1464600515.919492 -18.132 -8.115 1.797
1464600516.117093 -18.164 -7.966 1.763
1464600516.569953 -18.217 -7.624 1.686
1464600516.751035 -18.230 -7.484 1.654
1464600516.876485 -18.238 -7.386 1.633
1464600516.978642 -18.242 -7.307 1.615
1464600517.090387 -18.245 -7.220 1.596
1464600517.203692 -18.246 -7.132 1.576
1464600517.324258 -18.246 -7.039 1.555
1464600517.737136 -18.230 -6.723 1.485
1464600517.947660 -18.213 -6.562 1.449
1464600518.065438 -18.201 -6.470 1.428
1464600518.185402 -18.187 -6.378 1.408
1464600518.283332 -18.174 -6.303 1.391
1464600518.402307 -18.156 -6.212 1.370
1464600518.488770 -18.142 -6.147 1.355
1464600518.667116 -18.111 -6.013 1.325
1464600519.386703 -17.944 -5.488 1.202
1464600519.554770 -17.895 -5.368 1.173
1464600519.695968 -17.852 -5.268 1.149
1464600519.822392 -17.811 -5.180 1.127
1464600519.924361 -17.777 -5.108 1.109
1464600520.025848 -17.741 -5.037 1.092
1464600520.126679 -17.704 -4.969 1.074
1464600520.229118 -17.665 -4.898 1.056
1464600520.326586 -17.627 -4.832 1.040
1464600520.429992 -17.586 -4.763 1.022
1464600520.536078 -17.542 -4.693 1.003
1464600520.807581 -17.428 -4.523 0.958
1464600521.452812 -17.119 -4.131 0.847
1464600521.621589 -17.031 -4.035 0.818
1464600521.752246 -16.961 -3.962 0.795
1464600521.844327 -16.910 -3.911 0.779
1464600521.944475 -16.854 -3.857 0.762
1464600522.077949 -16.778 -3.786 0.739
1464600522.199400 -16.707 -3.723 0.717
1464600522.306228 -16.644 -3.669 0.699
1464600522.412135 -16.581 -3.617 0.681
1464600522.531726 -16.509 -3.559 0.660
1464600522.642047 -16.441 -3.507 0.641
1464600522.758989 -16.368 -3.454 0.621
1464600522.881020 -16.291 -3.400 0.600
1464600523.007211 -16.209 -3.345 0.578
1464600523.163797 -16.106 -3.280 0.551
1464600523.668121 -15.768 -3.092 0.465
1464600523.782186 -15.689 -3.053 0.445
1464600523.896488 -15.608 -3.015 0.425
1464600524.011901 -15.525 -2.979 0.405
1464600524.120442 -15.448 -2.947 0.387
1464600524.238506 -15.363 -2.913 0.366
1464600524.729758 -15.007 -2.793 0.283
1464600524.882623 -14.892 -2.761 0.256
1464600524.984016 -14.816 -2.742 0.239
1464600525.100103 -14.729 -2.722 0.219
1464600525.196111 -14.655 -2.706 0.202
1464600525.295814 -14.578 -2.691 0.185
1464600525.386229 -14.509 -2.679 0.169
1464600525.565612 -14.373 -2.658 0.138
1464600526.010961 -14.033 -2.623 0.062
1464600526.106805 -13.958 -2.619 0.046
1464600526.214345 -13.874 -2.616 0.027
1464600526.318950 -13.792 -2.615 0.009
1464600526.423808 -13.711 -2.615 -0.009
1464600526.532194 -13.627 -2.616 -0.028
1464600526.636988 -13.545 -2.620 -0.046
1464600527.272299 -13.061 -2.668 -0.155
1464600527.603077 -12.811 -2.714 -0.211
1464600527.744751 -12.706 -2.738 -0.235
1464600527.894256 -12.593 -2.767 -0.261
1464600528.015536 -12.502 -2.792 -0.282
1464600528.150295 -12.402 -2.823 -0.305
1464600528.268965 -12.314 -2.851 -0.326
1464600528.384684 -12.230 -2.881 -0.346
1464600528.504799 -12.143 -2.913 -0.367
1464600528.626040 -12.055 -2.948 -0.387
1464600528.735314 -11.977 -2.980 -0.406
1464600528.877683 -11.877 -3.025 -0.431
1464600529.552673 -11.420 -3.267 -0.546
1464600529.868552 -11.216 -3.399 -0.600
1464600530.017113 -11.122 -3.465 -0.626
1464600530.444399 -10.864 -3.666 -0.698
1464600530.605772 -10.770 -3.748 -0.726
1464600530.717938 -10.705 -3.807 -0.746
1464600530.830636 -10.641 -3.867 -0.765
1464600530.943655 -10.578 -3.928 -0.785
1464600531.053470 -10.519 -3.989 -0.804
1464600531.160072 -10.461 -4.049 -0.822
1464600531.298472 -10.390 -4.128 -0.846
1464600531.749444 -10.169 -4.397 -0.923
1464600531.852290 -10.122 -4.461 -0.941
1464600531.947701 -10.079 -4.521 -0.957
1464600532.060172 -10.029 -4.593 -0.977
1464600532.154333 -9.989 -4.654 -0.993
1464600532.252160 -9.947 -4.719 -1.010
1464600532.352132 -9.907 -4.785 -1.027
1464600532.495035 -9.851 -4.880 -1.052
1464600532.981469 -9.680 -5.210 -1.135
1464600533.114781 -9.637 -5.304 -1.158
1464600533.222843 -9.605 -5.381 -1.176
1464600533.340839 -9.570 -5.466 -1.197
1464600533.453960 -9.539 -5.548 -1.216
1464600533.566122 -9.509 -5.630 -1.233
1464600533.846397 -9.440 -5.833 -1.243
1464600534.478007 -9.285 -6.293 -1.249
1464600534.639783 -9.246 -6.411 -1.251
1464600534.784275 -9.211 -6.517 -1.252
1464600534.900528 -9.182 -6.604 -1.253
1464600535.005909 -9.157 -6.682 -1.254
1464600535.110460 -9.131 -6.760 -1.255
1464600535.215964 -9.106 -6.838 -1.256
1464600535.326859 -9.079 -6.920 -1.258
1464600535.433034 -9.054 -6.998 -1.259
1464600535.543666 -9.027 -7.080 -1.260
1464600535.650995 -9.002 -7.159 -1.261
1464600536.301545 -8.852 -7.634 -1.267
1464600536.647337 -8.773 -7.886 -1.270
1464600536.780856 -8.742 -7.986 -1.272
1464600536.892952 -8.716 -8.070 -1.273
1464600536.999752 -8.692 -8.149 -1.274
1464600537.529415 -8.575 -8.536 -1.279
1464600537.612901 -8.556 -8.599 -1.280
1464600537.729220 -8.530 -8.686 -1.281
1464600537.825916 -8.508 -8.758 -1.282
1464600537.941458 -8.483 -8.844 -1.283
1464600538.043383 -8.460 -8.920 -1.284
1464600538.147788 -8.438 -8.997 -1.285
1464600538.288984 -8.407 -9.102 -1.287
1464600538.780263 -8.302 -9.464 -1.291
1464600538.913586 -8.274 -9.563 -1.293
1464600539.031319 -8.249 -9.651 -1.294
1464600539.143812 -8.225 -9.735 -1.295
1464600539.251064 -8.202 -9.815 -1.296
1464600539.361960 -8.179 -9.897 -1.297
1464600539.486281 -8.153 -9.990 -1.298
1464600539.988112 -8.050 -10.361 -1.303
1464600540.145839 -8.018 -10.479 -1.305
1464600540.250785 -7.997 -10.558 -1.306
1464600540.348991 -7.976 -10.633 -1.307
1464600540.471148 -7.952 -10.724 -1.308
1464600540.579369 -7.930 -10.804 -1.309
1464600541.103576 -7.827 -11.193 -1.314
1464600541.520554 -7.747 -11.502 -1.318
1464600541.664052 -7.719 -11.610 -1.319
1464600541.787370 -7.695 -11.703 -1.321
1464600541.896190 -7.674 -11.785 -1.322
1464600542.034860 -7.648 -11.888 -1.323
1464600542.139513 -7.628 -11.968 -1.324
1464600542.257806 -7.605 -12.057 -1.325
1464600542.364226 -7.585 -12.137 -1.326
1464600542.488707 -7.562 -12.230 -1.328
1464600542.601654 -7.541 -12.315 -1.329
1464600542.714304 -7.520 -12.400 -1.330
1464600542.820019 -7.501 -12.480 -1.331
1464600542.924999 -7.481 -12.559 -1.332
1464600543.222523 -7.428 -12.782 -1.340
1464600543.639173 -7.358 -13.090 -1.355
1464600543.835121 -7.325 -13.240 -1.362
1464600543.941326 -7.308 -13.321 -1.366
1464600544.044175 -7.292 -13.400 -1.370
1464600544.431350 -7.235 -13.690 -1.383
1464600544.662156 -7.202 -13.867 -1.392
1464600544.777820 -7.186 -13.956 -1.396
1464600544.880509 -7.173 -14.035 -1.400
1464600544.995585 -7.158 -14.124 -1.404
1464600545.095457 -7.145 -14.199 -1.408
1464600545.210010 -7.131 -14.287 -1.412
1464600545.352880 -7.113 -14.397 -1.417
1464600545.816399 -7.064 -14.748 -1.468
1464600545.924454 -7.056 -14.832 -1.501
1464600546.068722 -7.051 -14.943 -1.544
1464600546.165788 -7.050 -15.019 -1.573
1464600546.282541 -7.052 -15.110 -1.608
1464600546.378845 -7.056 -15.184 -1.637
1464600546.768319 -7.093 -15.481 -1.752
1464600547.026676 -7.136 -15.675 -1.829
1464600547.141263 -7.160 -15.760 -1.863
1464600547.253592 -7.187 -15.844 -1.897
1464600547.370736 -7.217 -15.930 -1.932
1464600547.473253 -7.247 -16.004 -1.963
1464600547.630139 -7.295 -16.113 -2.009
1464600548.369519 -7.590 -16.597 -2.228
1464600548.590528 -7.699 -16.729 -2.289
1464600548.781672 -7.798 -16.839 -2.314
1464600548.886914 -7.854 -16.899 -2.322
1464600549.000557 -7.914 -16.964 -2.330
1464600549.107530 -7.972 -17.024 -2.338
1464600549.216960 -8.031 -17.085 -2.345
1464600549.324190 -8.090 -17.144 -2.353
1464600549.432619 -8.150 -17.204 -2.361
1464600549.550589 -8.215 -17.268 -2.369
1464600549.658171 -8.275 -17.326 -2.377
1464600549.802014 -8.356 -17.403 -2.387
1464600550.585917 -8.804 -17.802 -2.442
1464600550.784661 -8.922 -17.900 -2.456
1464600550.963261 -9.030 -17.987 -2.469
1464600551.074719 -9.098 -18.041 -2.476
1464600551.192879 -9.167 -18.095 -2.485
1464600551.301438 -9.219 -18.135 -2.491
1464600551.409736 -9.262 -18.167 -2.496
1464600551.503609 -9.293 -18.190 -2.499
1464600551.608531 -9.321 -18.211 -2.502
1464600551.707396 -9.342 -18.227 -2.505
1464600551.812650 -9.361 -18.241 -2.507
1464600551.927462 -9.378 -18.253 -2.509
1464600552.181754 -9.407 -18.274 -2.512
1464600552.824943 -9.469 -18.319 -2.519
1464600552.998592 -9.485 -18.331 -2.521
1464600553.136479 -9.498 -18.341 -2.522
