0.000000 0.000000 0.000000
0.000000 0.000000 0.000000
0.000000 0.000000 0.000000
0.000000 0.000000 0.000000
0.000000 0.000000 0.000000
0.000000 0.000000 0.000000
0.000000 0.000000 0.000000
0.000000 0.000000 0.000000
0.000000 0.000000 0.000000
0.000000 0.000000 0.000000
0.000000 0.000000 0.000000
0.000000 0.000000 0.000000
0.000000 0.000000 0.000000
0.000000 0.000000 0.000000
0.000000 0.000000 0.000000
0.000000 0.000000 0.000000
0.000000 0.000000 0.000000
0.000000 0.000000 0.000000
0.000000 0.000000 0.000000
0.000000 0.000000 0.000000
0.000000 0.000000 0.000000
0.000000 0.000000 0.000000
0.000000 0.000000 0.000000
0.000000 0.000000 0.000000
0.000000 0.000000 0.000000
0.000000 0.000000 0.000000
0.000000 0.000000 0.000000
0.000000 0.000000 0.000000
0.000000 0.000000 0.000000
0.132009 -0.003676 -0.024582
0.264984 0.004166 0.018436
0.286050 -0.004539 -0.030727
0.015028 -0.000409 0.006145
-0.002032 0.000933 -0.129056
0.002135 -0.000664 -0.417895
0.001933 -0.001125 -0.319568
-0.003754 0.001704 -0.270403
-0.013140 0.002308 -0.331858
-0.007981 0.000550 -0.245821
-0.012517 0.001825 -0.288840
-0.009843 0.001767 -0.301131
-0.009872 0.001596 -0.301131
-0.010690 0.001313 -0.270403
-0.006812 0.001612 -0.270403
-0.002998 -0.000114 -0.288839
-0.002215 0.000305 -0.307277
-0.002796 0.000426 -0.288839
0.000797 -0.000603 -0.294985
-0.001877 0.000691 -0.319568
0.007962 -0.001265 -0.291298
0.008501 -0.000859 -0.288840
0.009099 -0.001484 -0.313421
0.012252 -0.002625 -0.276549
0.009427 -0.001061 -0.276549
0.007070 -0.000109 -0.270403
0.001106 -0.000881 -0.129056
0.001942 0.000480 0.012291
0.250569 0.000088 -0.006145
0.255819 -0.007394 -0.043019
0.293818 -0.005287 -0.024582
0.295595 -0.006950 -0.036873
0.299206 -0.000094 -0.012291
0.296761 -0.010096 -0.061455
0.293522 -0.004225 -0.030728
0.290721 -0.000968 -0.006146
0.292466 -0.002781 -0.030727
0.294852 -0.004932 -0.024582
0.296435 -0.002541 0.012291
0.290282 0.017791 0.061455
0.293273 -0.007753 -0.055310
0.290874 -0.004112 -0.012291
0.291513 0.031707 0.178220
0.292511 -0.001501 -0.018436
0.291449 -0.008146 -0.049164
0.294040 -0.007903 -0.049165
0.295181 -0.002865 -0.018436
0.293845 0.003033 0.006145
0.290638 -0.005889 -0.043018
0.291979 -0.008555 -0.049164
0.263426 -0.000966 -0.012292
0.293624 0.001014 0.018437
0.263250 -0.000354 -0.018437
0.263711 -0.005784 -0.043018
0.294062 -0.005212 -0.030728
0.264604 -0.001557 0.000000
0.263649 0.001458 0.018437
-0.002787 0.000490 -0.024582
0.005000 -0.000040 -0.239676
0.002176 -0.000515 -0.325713
0.000000 0.000000 -0.233530
0.093768 -0.000760 -0.018436
0.306529 -0.005120 -0.024582
0.296855 -0.004710 -0.024582
0.293682 -0.000199 -0.012291
0.294265 -0.003634 -0.024583
0.295168 0.000570 -0.012291
0.294022 -0.001782 -0.018436
0.291996 -0.003358 -0.024582
0.293107 -0.001156 -0.012291
0.290172 0.000341 -0.006146
0.294495 -0.005701 -0.030727
0.295183 -0.005628 -0.030728
0.291341 0.002037 -0.006146
0.190272 -0.001233 -0.006145
-0.001987 -0.000231 -0.006146
0.000871 0.001112 -0.159783
0.005637 -0.001493 -0.270403
-0.002227 -0.000197 -0.098329
0.090985 0.002609 0.024582
0.274595 -0.002712 -0.030728
0.295286 -0.004809 -0.036873
0.297168 -0.004037 -0.030727
0.294557 -0.002539 -0.030728
0.267421 0.000269 -0.018437
0.296264 -0.002934 -0.024581
0.293488 -0.001342 -0.024583
0.291703 -0.004806 -0.049164
0.291636 -0.007495 -0.061455
0.292406 -0.000163 -0.018437
0.293994 -0.004537 -0.036873
0.292635 -0.004797 -0.043018
0.292579 -0.003870 -0.036874
0.292963 -0.004734 -0.036873
0.292919 -0.002876 -0.024582
0.291294 -0.003763 -0.036873
0.294390 -0.000898 -0.006146
0.293760 -0.003165 -0.024582
0.290829 -0.003391 -0.024582
0.293384 -0.006751 -0.049164
0.294820 -0.001148 -0.018437
0.291053 -0.005042 -0.043019
0.293261 -0.004390 -0.049164
0.263029 -0.003554 -0.030727
0.293152 -0.003329 -0.024582
0.262935 -0.003149 -0.030728
0.265959 -0.004434 -0.043018
0.292193 -0.005597 -0.036873
0.264045 -0.001166 -0.006146
0.291077 0.001992 0.012291
0.263063 -0.001760 -0.036874
0.290036 -0.003861 -0.036873
0.135177 -0.001022 -0.006146
0.000999 0.000050 0.000000
0.000000 0.000000 0.000000
0.000000 0.000000 0.000000
0.008989 0.000453 -0.018436
0.286767 -0.001280 -0.018437
0.294412 -0.003352 -0.024582
0.288890 -0.000761 -0.012291
0.292102 0.001178 0.000000
0.291978 0.002170 -0.012291
0.293426 -0.005141 -0.036873
0.291840 -0.002716 -0.030728
0.291043 -0.000030 -0.006145
0.291455 -0.000197 -0.012292
0.292004 -0.003663 -0.036873
0.294308 -0.005718 -0.055309
0.290945 0.001097 -0.006146
0.293776 0.000668 0.006146
0.261843 0.000039 -0.018437
0.262197 -0.002404 -0.030727
0.290626 -0.001695 -0.024582
0.262561 0.002629 0.006145
0.294137 0.002926 0.006146
0.292265 -0.004999 -0.030728
0.264461 -0.004739 -0.030728
0.291554 -0.004922 -0.049164
0.298460 -0.003847 -0.030728
0.289372 -0.000986 -0.012291
0.290879 -0.000019 -0.018436
0.291538 0.002264 0.000000
0.287128 -0.003946 -0.043019
0.019415 -0.000215 0.012291
0.003059 0.000804 -0.036873
0.008363 -0.001432 -0.270403
0.006403 -0.000063 -0.325713
-0.001287 -0.000585 -0.270403
-0.002900 0.001261 -0.303589
-0.003145 0.000337 -0.282694
0.000000 0.000000 -0.043019
0.000000 0.000000 0.006146
0.001370 -0.000351 0.086037
0.000000 0.000000 -0.030728
0.003584 -0.000391 -0.288839
0.001414 -0.000025 -0.270403
0.001724 -0.001015 -0.282695
0.000247 0.000969 -0.233530
0.000000 0.000000 -0.018436
0.002000 0.000005 0.331858
0.010133 0.001820 0.374877
0.014743 0.001908 0.258112
0.000822 0.000572 0.006146
0.007209 0.000102 0.147492
0.090915 0.014398 0.184366
0.302168 -0.004446 -0.012291
0.299998 -0.000331 -0.018436
0.294262 -0.010180 -0.061456
0.294396 -0.009176 -0.055309
0.292519 -0.005782 -0.024582
0.289339 -0.003442 -0.018437
0.291559 -0.009294 -0.055310
0.290592 -0.007547 -0.055310
0.290928 -0.003127 -0.024582
0.296798 -0.002862 -0.012291
0.293353 -0.006497 -0.049164
0.291154 -0.008904 -0.055310
0.287356 -0.006696 -0.030727
0.291487 -0.002280 -0.018437
0.290558 -0.006079 -0.030728
0.295604 -0.003477 -0.018436
0.260311 -0.000353 0.000000
0.409192 -0.013486 -0.067601
0.294258 -0.010073 -0.055310
0.260832 -0.003820 -0.024582
0.293114 -0.005398 -0.024582
0.190540 -0.000739 -0.018436
-0.004144 -0.000911 0.110619
0.006882 0.002152 0.307276
0.056571 -0.002178 -0.030727
0.308285 -0.001524 -0.024582
0.297567 -0.008100 -0.043019
0.296766 -0.003735 -0.012291
0.295895 0.005675 0.030728
0.291375 -0.005711 -0.043019
0.292855 -0.001096 -0.030728
0.285405 -0.027142 -0.129056
0.292891 -0.007403 -0.049164
0.290957 -0.005379 -0.030728
0.293610 -0.008189 -0.049164
0.291823 -0.002095 0.030728
0.294792 0.011075 0.055310
0.292324 0.004410 0.018436
0.288585 -0.005646 -0.024582
0.292050 0.002609 0.006146
0.288901 -0.008131 -0.055310
0.263415 -0.006115 -0.043019
0.293608 -0.003180 -0.030727
0.265218 -0.008797 -0.055310
0.259820 -0.002547 -0.018437
0.410534 0.002579 0.030728
0.263414 -0.003149 -0.030728
0.291628 -0.007878 -0.055309
0.264590 -0.004134 -0.006146
0.288823 0.024208 0.110619
0.292937 -0.006175 -0.036873
0.291525 -0.009225 -0.055309
0.293958 -0.005070 -0.043019
0.294035 -0.008578 -0.049164
0.292513 0.001141 0.079892
0.291496 0.002872 -0.006146
0.293139 -0.006879 -0.049164
0.290056 -0.000925 0.012291
0.294360 0.001356 0.006145
0.294722 0.000481 -0.012291
0.292756 -0.006908 -0.043018
0.288805 -0.006688 -0.030728
0.292165 -0.000841 -0.012291
0.289241 -0.007857 -0.036873
0.293227 0.001895 0.018436
0.248619 0.003725 0.030728
-0.004397 -0.000815 -0.006146
0.005084 -0.000391 -0.215093
0.008984 -0.000531 -0.331858
0.008782 -0.001696 -0.270403
0.004975 -0.000500 -0.288840
0.009955 -0.000951 -0.251967
0.039667 -0.006284 -0.190511
0.304759 -0.005185 -0.024582
0.298209 0.001027 0.012291
0.295081 0.004522 0.018436
0.292250 -0.000025 0.000000
0.291357 -0.002889 -0.018436
0.290240 -0.001358 -0.006145
0.292715 0.001801 0.024581
0.294159 -0.000621 -0.018436
0.293400 -0.001238 0.000000
0.408961 0.005667 0.030728
0.293797 -0.002026 -0.024583
0.292614 0.001364 0.012291
0.295350 0.003198 0.024583
0.129026 0.000595 0.000000
0.003162 -0.000016 -0.184366
0.007919 -0.001137 -0.172075
0.268355 -0.008088 -0.043018
0.287912 -0.002145 -0.018437
0.288084 0.001170 0.006145
0.292729 0.003810 0.030728
0.289280 0.002640 0.018437
0.262083 0.002341 0.012291
0.293107 -0.001156 0.006145
0.262978 0.003525 0.018437
0.263004 0.003676 0.024582
0.063031 0.000374 0.006145
0.001031 0.000967 -0.184365
0.015737 -0.003653 -0.288840
0.281374 -0.019724 -0.079892
0.289373 0.000081 -0.006146
0.287639 0.000854 0.000000
0.291325 0.020357 0.172075
0.290147 -0.000096 0.000000
0.289315 -0.003605 -0.036873
0.289376 -0.003707 -0.012291
0.289532 0.002083 0.006146
0.290995 0.002001 0.000000
0.290556 -0.004693 -0.036874
0.292869 -0.006125 -0.036873
0.291607 -0.001596 -0.006145
0.293322 0.005588 0.043018
0.288884 -0.004669 -0.043018
0.291248 -0.005624 -0.018437
0.289284 0.020263 0.086037
0.294939 -0.003592 -0.036872
0.291515 -0.006528 -0.043019
0.260944 -0.004645 -0.043019
0.289466 -0.004424 -0.036873
0.261847 -0.000751 -0.006146
0.261260 -0.001909 -0.024582
0.291859 -0.004795 -0.043019
0.261203 -0.006457 -0.043018
0.261458 -0.000212 -0.012291
0.292803 0.004555 0.030728
0.290450 -0.006303 -0.043019
0.290168 -0.007257 -0.055310
0.293465 -0.001875 -0.018436
0.288499 -0.000000 0.006145
0.290663 0.005992 0.043019
0.279491 -0.003133 -0.012291
0.289714 0.008418 0.024582
0.290582 0.001955 0.018436
0.294291 0.007651 0.030728
0.293139 -0.006236 -0.043019
0.290960 -0.004816 -0.036873
0.287081 -0.004579 -0.030727
0.289913 -0.001415 -0.012291
0.292773 -0.000644 -0.012292
0.292074 -0.026770 -0.165929
0.294016 0.002691 0.006146
0.291813 0.001190 0.012291
0.244705 0.000183 -0.006146
-0.002213 0.000320 -0.018436
0.002218 -0.000279 -0.215094
0.009475 -0.000491 -0.307276
0.003991 -0.000265 -0.282695
-0.002168 0.000547 -0.270403
0.000000 0.000000 -0.251967
0.016820 -0.003618 -0.221238
0.046040 -0.000497 -0.030728
0.271301 -0.005633 -0.043019
0.290870 -0.002127 -0.024582
0.285279 0.001265 -0.006145
0.286529 0.001174 0.012291
0.291728 0.002740 -0.006146
0.294484 -0.002767 -0.036873
0.293388 -0.000395 -0.006146
0.292960 0.004988 0.024582
0.292180 0.000496 -0.024582
0.290206 -0.007071 -0.055309
0.292938 -0.002073 -0.012291
0.290963 0.004542 0.012291
0.291691 0.005030 0.000000
0.290302 -0.003098 -0.043019
0.290318 -0.006766 -0.036873
0.293163 -0.000205 -0.018436
0.290925 0.001708 -0.012292
0.295412 -0.000327 -0.006145
0.292246 0.001411 -0.012291
0.262194 -0.004956 -0.043019
0.263400 -0.001191 -0.036873
0.276684 -0.005510 -0.036873
0.024499 0.000907 0.006145
0.000000 0.000000 0.233530
-0.007094 -0.001291 0.510079
0.007383 0.001868 0.454769
0.007844 0.001573 0.467059
-0.001230 -0.000698 0.479351
0.000000 0.000000 0.467060
0.000000 0.000000 0.448624
-0.000996 0.000093 0.485496
-0.013004 -0.003447 0.454769
-0.005832 0.000020 0.473206
0.000000 0.000000 0.460914
0.004849 0.001219 0.454769
0.005832 0.002447 0.479351
0.008009 0.000928 0.227384
0.007987 0.001098 0.371190
0.128979 -0.003528 -0.030727
0.295375 0.001898 -0.006146
0.295988 -0.003876 -0.043019
0.294088 -0.001032 -0.018437
0.293735 -0.000699 -0.018436
0.295161 0.002295 0.006145
0.289831 -0.000229 -0.030727
0.263574 -0.002960 -0.043019
0.290801 -0.003551 -0.024582
0.260390 0.003136 0.012291
0.261397 -0.000227 -0.012291
0.291434 -0.005600 -0.055309
0.263902 -0.002952 -0.049165
0.262411 0.003074 0.006146
0.294537 0.002806 0.006145
0.293435 -0.000943 -0.036873
0.295019 -0.002164 -0.020895
0.290000 -0.006000 -0.018436
0.294042 0.000421 0.012291
0.282044 -0.006267 -0.024582
0.293169 -0.000994 -0.006146
0.295205 -0.000117 -0.006145
0.276476 -0.005115 -0.043019
0.271837 -0.009676 -0.043019
0.285408 -0.000271 -0.006145
0.287117 0.003734 0.024582
0.289220 -0.004097 -0.043019
0.291577 -0.007467 -0.055310
0.289557 -0.006069 -0.024582
0.293000 -0.000201 0.012291
0.238951 -0.000579 0.000000
-0.001951 -0.000439 -0.049164
0.000000 0.000000 -0.270403
0.000857 0.000515 -0.135201
0.212083 0.000893 0.006145
0.284512 -0.008104 -0.049164
0.254936 -0.002772 -0.012291
0.290005 -0.019240 -0.165929
0.256283 -0.001100 -0.024582
0.258787 -0.003015 -0.030728
0.290160 -0.002672 -0.012291
0.288139 -0.019596 -0.122911
0.293755 -0.006144 -0.030727
0.289435 -0.006111 -0.036873
0.291321 -0.006093 -0.067601
0.294591 -0.008952 -0.043019
0.289441 -0.003005 -0.018437
0.284704 -0.006697 -0.049164
0.275802 -0.003923 -0.024582
0.287045 -0.006728 -0.036873
0.290972 -0.002924 -0.024582
0.292566 -0.005120 -0.030728
0.292616 -0.004192 -0.018436
0.291829 -0.006755 -0.036874
0.289429 -0.002847 -0.018436
0.290291 -0.000554 0.000000
0.292055 -0.005642 -0.036873
0.288947 -0.006842 -0.043019
0.292337 -0.005303 -0.030727
0.292809 -0.003305 -0.030728
0.261672 -0.005296 -0.024582
0.292580 -0.004230 -0.024582
0.260366 -0.004736 -0.030728
0.260967 -0.005771 -0.036873
0.290758 -0.006125 -0.036873
0.264136 -0.004222 -0.030728
0.287499 -0.005016 -0.030728
0.293423 -0.004791 -0.018436
0.290299 0.000599 -0.012291
0.292333 -0.004650 -0.036873
0.288745 -0.003887 -0.030728
0.287983 -0.008409 -0.043019
0.291102 -0.004552 -0.036873
0.292281 -0.006762 -0.036873
0.291285 -0.008144 -0.061455
0.290383 -0.001609 -0.018437
0.291053 -0.004287 -0.024582
0.286808 -0.001472 -0.024582
0.290088 -0.006989 -0.055310
0.290364 -0.005150 -0.030727
0.290867 -0.001204 -0.006146
0.280977 0.000973 0.006146
0.267332 -0.005087 -0.024582
0.411270 -0.017081 -0.067601
0.291195 -0.005503 -0.043019
0.294353 -0.004756 -0.043019
0.262560 -0.005604 -0.049164
0.289744 -0.007817 -0.043018
0.260331 -0.002818 -0.024583
0.265830 -0.000854 0.000000
0.292242 -0.001421 -0.006145
0.260862 0.000213 0.006145
0.290362 -0.002629 -0.018436
0.262711 -0.003401 -0.024582
0.291919 -0.008086 -0.043019
0.291623 -0.000896 -0.006146
0.292571 -0.001770 0.000000
0.289388 0.000851 -0.006145
0.290940 -0.005830 -0.036873
0.292971 -0.005728 -0.036873
0.289558 -0.001111 -0.006146
0.292019 -0.001316 -0.012291
0.293408 -0.005668 -0.043019
0.293686 -0.008854 -0.049163
0.290009 -0.008932 -0.055310
0.289857 -0.004065 -0.024582
0.289993 -0.002036 -0.030728
0.293731 -0.001755 -0.012291
0.293600 0.000864 -0.024582
0.284269 -0.003010 -0.024582
0.025080 -0.000032 -0.018437
0.001996 -0.000125 -0.208948
0.007217 -0.000959 -0.301130
-0.002236 0.000037 -0.264258
-0.002063 0.000861 -0.294985
0.000000 0.000000 -0.030728
0.000000 0.000000 0.006146
0.002229 -0.000170 -0.202803
0.336625 -0.012964 -0.043019
0.294443 0.002867 0.000000
0.292996 -0.001919 -0.030727
0.290242 -0.006695 -0.036873
0.290368 -0.000113 -0.012292
0.292939 0.005963 0.030728
0.292984 -0.003040 -0.024582
0.288080 -0.003965 -0.043019
0.287557 0.000376 0.000000
0.293889 0.007371 0.036873
0.286781 0.001162 -0.006145
0.290628 -0.003002 -0.043019
0.291480 -0.002828 -0.018436
0.291599 -0.003536 -0.018437
0.289148 0.006189 0.012291
0.286244 -0.004016 -0.036873
0.290930 -0.006016 -0.024582
0.294372 0.005886 0.036873
0.296119 0.009930 0.055310
0.291083 -0.012674 -0.153638
0.260445 -0.034486 -0.245821
0.288940 0.002548 0.018437
0.259051 0.003115 0.024582
0.259170 0.006944 0.036873
0.290499 -0.001977 -0.024582
0.050631 0.000741 0.000000
-0.130639 -0.007641 0.079892
0.000000 0.000000 -0.030728
0.003225 -0.001613 -0.301131
0.265708 -0.026761 -0.116765
0.287946 0.000636 0.000000
0.290506 0.008016 0.043019
0.295135 0.005968 0.018436
0.293921 -0.003521 -0.036873
0.291471 -0.006695 -0.043018
0.239985 -0.000504 -0.012291
0.000000 0.000000 0.049164
0.020553 0.008402 0.381023
0.297269 -0.001778 -0.036874
0.293911 0.004532 0.018437
0.291970 -0.001207 0.006146
0.295509 0.006661 0.024582
0.290496 -0.000262 -0.061456
0.291754 -0.012632 -0.073746
0.290647 -0.013203 -0.086037
0.292210 -0.006800 -0.098329
0.261845 -0.017924 -0.092183
0.294983 -0.003296 -0.030727
0.262444 0.002657 0.024582
0.263382 0.006160 0.043019
0.294608 0.008656 0.030727
0.262518 0.001043 0.000000
0.293894 -0.005327 -0.043019
0.292474 -0.000371 -0.012291
0.291803 0.006318 0.036873
0.292049 0.003616 0.000000
0.295704 0.001038 0.000000
0.279292 -0.019127 -0.135201
0.294599 -0.002345 -0.030728
0.292925 -0.005919 -0.049164
0.293287 -0.004316 -0.036873
0.294936 -0.004185 -0.018436
0.292983 0.007662 0.036872
0.294565 0.010227 0.049164
0.292663 0.003073 0.000000
0.083240 0.000208 0.000000
-0.039825 0.000057 0.159784
0.014761 0.000347 -0.067600
0.006930 -0.001407 -0.282695
0.000647 0.000763 -0.307276
0.133046 -0.031746 -0.313421
0.290590 -0.016961 -0.082351
0.293000 -0.002000 0.000000
0.262000 0.001000 0.008604
0.258982 -0.003228 -0.014749
0.293031 -0.004199 -0.018437
0.261118 -0.001582 0.000000
0.260192 -0.004606 -0.036873
0.291925 -0.006082 -0.030728
0.056222 0.000176 0.018437
-0.071102 -0.001242 0.070059
-0.001000 -0.000004 -0.119223
0.002108 -0.000747 -0.356441
0.127721 -0.015885 -0.147492
0.296299 0.003465 0.018436
0.291564 -0.000430 -0.006145
0.294589 0.002274 0.012291
0.291247 -0.000008 0.006145
0.291212 0.001808 0.024582
0.291469 -0.003968 -0.024582
0.292365 -0.003452 -0.024582
0.239702 0.001735 0.012291
0.002784 -0.000498 -0.092183
0.012562 -0.002487 -0.221238
0.282524 -0.014745 -0.061456
0.290938 0.005690 0.024582
0.290415 -0.002282 -0.018436
0.288170 -0.000243 -0.006146
0.262097 -0.001536 -0.006145
0.294526 0.003896 0.030727
0.261091 0.001199 0.006146
0.261094 -0.000405 0.006145
0.292476 -0.001210 -0.006145
0.260566 -0.027027 -0.196657
0.263905 0.004393 0.036873
0.292944 -0.002951 -0.012291
0.289114 -0.009705 -0.049164
0.401870 -0.024273 -0.196657
0.292021 0.000904 0.012291
0.291799 -0.003663 -0.024582
0.290866 -0.001401 0.000000
0.291005 0.004680 0.036873
0.290286 0.004366 0.030728
0.291339 0.003438 0.018436
0.291986 -0.021848 -0.184365
0.291432 0.002898 0.018436
0.294634 -0.000811 0.006146
0.291334 0.003796 0.018436
0.291619 0.000407 0.030728
0.288961 0.031392 0.147493
0.292545 -0.001588 -0.012291
0.295188 -0.002992 -0.012292
0.289783 -0.007150 -0.092182
0.288971 -0.028298 -0.135202
0.263604 0.002461 0.012291
0.290830 0.001288 0.000000
0.262830 0.002285 0.018437
0.260378 0.003684 0.024582
0.294395 -0.004608 -0.036873
0.260983 -0.023258 -0.165930
0.293156 -0.000091 0.006146
0.290662 0.003922 0.018437
0.291324 -0.011417 -0.086038
0.291098 -0.005576 -0.030727
0.288278 -0.003250 -0.030728
0.292642 -0.000607 0.000000
0.295366 0.001000 0.000000
0.287696 -0.039511 -0.135202
0.291075 -0.002253 -0.018436
0.290984 -0.002271 -0.012291
0.289693 0.001867 0.018436
0.290145 0.000974 -0.006145
0.290186 -0.005788 -0.043019
0.289943 -0.005383 -0.030728
0.291302 0.003047 0.012292
0.293388 0.006997 0.043018
0.291920 -0.001917 -0.012291
0.282158 -0.003492 -0.018436
0.287737 -0.003491 -0.012291
0.087726 0.000320 0.018436
0.002233 -0.000124 -0.110619
0.002728 -0.000746 -0.288840
0.005687 -0.001289 -0.245821
0.003102 -0.000615 -0.276549
0.010921 -0.001654 -0.282694
0.009034 -0.000623 -0.251966
0.176398 -0.027084 -0.165930
0.285771 -0.000238 -0.006145
0.291586 -0.001151 -0.006146
0.294733 -0.001123 -0.024582
0.291376 -0.002488 -0.030728
0.290801 -0.006564 -0.043018
0.289542 -0.003183 -0.018437
0.291221 -0.003946 -0.036873
0.289953 -0.005186 -0.043018
0.292224 0.002743 0.000000
0.290488 0.000101 -0.006146
0.291889 -0.004675 -0.092183
0.291070 -0.016683 -0.079892
0.290930 -0.007603 -0.049164
0.291107 -0.001103 -0.012291
0.294696 0.002205 0.000000
0.292581 -0.003755 -0.036873
0.293149 -0.005757 -0.043019
0.293165 -0.000356 -0.018436
0.290000 -0.003627 -0.036873
0.265401 -0.005262 -0.036874
0.290772 0.015927 0.122911
0.263545 -0.000848 0.006145
0.293527 -0.001747 -0.030727
0.265422 -0.004079 -0.036874
0.264930 -0.004577 -0.036872
0.293605 -0.002999 -0.018437
0.093535 0.000500 0.000000
0.000000 0.000000 0.000000
0.000000 0.000000 0.000000
0.006705 -0.000221 -0.012291
0.285316 -0.003200 -0.036873
0.291553 0.004291 0.036873
0.290480 0.030242 0.135201
0.295736 -0.002094 -0.006145
0.292230 0.003419 0.000000
0.291956 -0.007394 -0.049164
0.288706 -0.007541 -0.049164
0.290387 -0.004625 -0.036874
0.292071 0.000692 -0.012291
0.293359 -0.006454 -0.055309
0.294378 -0.002708 -0.012292
0.293271 0.011146 0.036874
0.292512 0.002983 0.030727
0.286660 -0.001968 -0.030727
0.293252 -0.007286 -0.055310
0.272044 -0.000920 0.000000
0.016155 0.000012 0.141347
0.007693 0.001349 0.442478
0.000000 0.000000 0.491642
0.007831 0.001915 0.417895
0.021773 0.002636 0.153639
0.299167 0.003630 0.006145
0.292022 0.005358 0.024582
0.291650 -0.000469 -0.006145
0.292034 -0.002262 -0.012291
0.291126 -0.002693 -0.024583
0.289388 0.000851 0.006146
0.290257 0.000873 0.000000
0.290692 0.001775 0.006146
0.288428 0.004442 0.024582
0.294345 0.002172 0.018436
0.290024 0.001373 -0.006145
0.291234 -0.000907 -0.006146
0.230928 0.004511 0.036873
-0.000866 0.000500 0.073747
0.000827 -0.000563 0.479351
0.000000 0.000000 0.479351
0.000985 0.001015 0.460914
0.006237 0.001451 0.473206
0.005189 0.001441 0.460914
0.001964 0.000379 0.469518
0.000000 0.000000 0.442478
0.012521 0.003636 0.479351
0.016002 0.002988 0.436332
0.000998 -0.000066 0.424041
0.000000 0.000000 -0.055309
0.000000 0.000000 -0.276549
0.003120 0.000513 -0.227385
0.009116 -0.001374 -0.282694
0.013677 -0.002441 -0.288840
0.009198 -0.000629 -0.282694
-0.000798 0.000604 -0.301131
0.212538 -0.026795 -0.135202
0.285167 -0.000857 -0.012291
0.288676 -0.005203 -0.049164
0.288468 -0.005152 -0.043018
0.290444 -0.002011 -0.018437
0.292071 -0.000816 -0.024583
0.292362 -0.003681 -0.043018
0.292020 -0.002101 -0.018437
0.291006 0.002285 0.000000
0.292999 -0.000720 -0.008603
0.288044 -0.006230 -0.043019
0.280694 -0.007214 -0.043019
0.016116 -0.000519 0.012291
0.003828 0.002313 0.371191
-0.005938 -0.002396 0.448623
0.002087 0.000803 0.473205
0.012527 0.003615 0.417897
0.014215 0.003150 0.460914
0.009058 0.001718 0.430187
0.002209 0.000347 0.417895
0.002940 0.000601 0.460915
0.005346 0.000651 0.399459
0.001403 0.000179 0.417896
-0.007111 -0.001559 0.479351
0.001000 0.000015 0.479351
-0.001342 -0.000446 0.448623
-0.005791 -0.000681 0.479351
0.004743 0.001870 0.457227
0.010029 0.002328 0.448624
0.000000 -0.000000 0.491642
0.059712 0.002728 0.043018
0.306190 0.004167 -0.006145
0.295699 0.002644 0.012291
0.290761 0.004799 0.030727
0.292429 -0.002636 -0.036873
0.294674 -0.005801 -0.049164
0.291196 -0.002193 -0.024582
0.290053 0.002363 0.006146
0.212810 0.000178 -0.006146
-0.003156 -0.000191 -0.073746
0.003134 0.000423 -0.301131
0.001414 -0.000040 -0.307276
-0.005343 0.000676 -0.264258
0.000731 -0.001211 -0.248279
0.263143 -0.022384 -0.086038
0.288911 -0.007436 -0.043018
0.258920 -0.004138 -0.030728
0.288032 -0.006515 -0.030728
0.258870 -0.004505 -0.024582
0.291780 -0.003047 -0.012291
0.430858 -0.013665 -0.061455
0.265245 -0.006152 -0.018436
0.005373 -0.000361 0.000000
0.000000 0.000000 -0.006146
-0.001263 0.000635 -0.190511
0.006316 -0.001049 -0.313422
-0.002147 0.000626 -0.288840
0.002236 0.000012 -0.270403
-0.004912 0.000935 -0.282694
0.000000 0.000000 -0.301131
0.000000 0.000000 -0.319567
0.000000 0.000000 -0.270403
0.000000 0.000000 -0.288840
0.004118 -0.000211 -0.276549
0.004979 -0.001099 -0.288839
0.011933 -0.001894 -0.294985
0.012728 -0.001414 -0.288840
0.007150 -0.000933 -0.282694
0.001814 -0.000843 -0.288840
0.005092 0.000261 -0.258113
0.001106 -0.000882 -0.282694
0.004461 -0.000309 -0.159784
-0.000526 0.000850 0.073746
0.004009 0.000963 0.424042
0.006932 0.001394 0.491642
0.007548 0.002005 0.479350
0.097305 0.008050 0.073747
0.301477 -0.001352 -0.024582
0.147869 -0.000771 -0.018437
0.001396 -0.000225 0.202802
0.092470 0.028448 0.374878
0.302228 0.002484 -0.018437
0.233343 -0.027585 -0.288840
0.001633 -0.001527 -0.288840
0.006201 -0.001596 -0.288839
0.094487 -0.015272 -0.215094
0.296283 0.000468 -0.018436
0.294129 -0.004050 -0.030728
0.291358 0.000698 -0.006145
0.289981 -0.006629 -0.049164
0.153062 -0.002008 -0.036874
0.001238 0.000683 -0.067601
-0.001189 -0.000765 -0.264257
0.000999 0.000050 -0.301130
0.004444 -0.000501 -0.245821
0.000000 0.000000 -0.276549
0.005759 -0.000908 -0.245821
0.137430 -0.009902 -0.092183
0.292603 0.005581 0.012291
0.260184 -0.001475 -0.030727
0.289327 -0.003833 -0.036874
0.290755 -0.005156 -0.049164
0.295128 -0.005456 -0.049164
0.291043 -0.000328 -0.012291
0.290856 -0.002831 -0.030728
0.117384 -0.000974 -0.012291
-0.001977 0.000299 0.141348
0.004119 -0.000191 0.497787
0.000710 0.000704 0.485496
0.002869 0.000876 0.282694
0.272097 -0.005322 -0.030727
0.288293 -0.000248 -0.006146
0.286141 0.004419 0.030728
0.288964 0.004683 0.000000
0.290003 0.002703 0.012291
0.291977 0.004153 0.030729
0.290248 0.007224 0.030727
0.235467 0.002275 0.012291
-0.003060 -0.000799 0.116765
0.009578 0.002294 0.491642
-0.002186 0.000469 0.473205
-0.002736 -0.001231 0.405605
0.000000 0.000000 0.473206
-0.001338 -0.000457 0.436332
0.000000 0.000000 0.393314
0.004517 0.002366 0.460914
0.009386 0.001380 0.473206
-0.000604 -0.000797 0.479351
0.004043 0.000809 0.424041
0.088801 0.011639 0.119223
0.298813 0.002950 0.006146
0.292079 0.003849 0.000000
0.289237 -0.003892 -0.036873
0.293401 -0.004550 -0.043020
0.288084 -0.000789 -0.030727
0.290020 -0.004931 -0.045477
0.279547 -0.004267 -0.030728
0.019099 -0.000477 0.079892
0.003000 0.001000 0.463373
-0.122976 -0.026867 0.264258
-0.012042 0.000012 0.067600
-0.003542 -0.000672 0.460915
0.000000 0.000000 0.460914
0.008498 0.002791 0.485496
0.015964 0.003188 0.460915
0.009371 0.001477 0.454769
0.006951 0.002163 0.503933
-0.001349 -0.000424 0.381022
-0.194456 -0.039049 0.239676
-0.043829 0.000190 0.000000
0.000000 0.000000 0.000000
0.000000 0.000000 0.000000
0.000000 0.000000 0.000000
0.001344 -0.000439 -0.006146
-0.000000 -0.000000 0.049165
0.000910 0.000414 0.049164
0.002228 -0.000193 0.405604
0.006997 -0.000198 -0.024582
0.201984 -0.004745 -0.030727
0.285166 -0.002291 -0.006146
0.290205 -0.001372 -0.006145
0.286526 -0.007740 -0.061456
0.288965 -0.004951 -0.043018
0.284889 -0.034529 -0.264258
0.292721 -0.011809 -0.067601
0.292122 -0.005882 -0.049164
0.292696 0.005384 0.012291
0.287730 -0.005623 -0.043019
0.290841 -0.007775 -0.049164
0.181450 -0.002237 -0.012291
0.002210 0.000342 0.116765
0.004469 0.000164 0.479351
-0.003957 -0.002083 0.405605
0.000000 0.000000 0.467060
0.007149 0.000942 0.122910
0.266004 -0.002002 -0.012291
0.282289 -0.008110 -0.036873
0.259811 -0.005938 -0.036873
0.285560 -0.008972 -0.049164
0.175412 -0.003830 -0.024582
-0.000000 -0.000000 -0.147493
0.003594 -0.000286 -0.282694
0.000000 0.000000 -0.288840
-0.000000 0.000000 -0.264257
-0.002139 0.000651 -0.270404
0.133936 -0.028829 -0.239675
0.294391 -0.000309 -0.018437
0.292063 -0.004617 -0.043018
0.289935 -0.006116 -0.049165
0.288529 -0.007421 -0.043018
0.286561 0.002776 0.024582
0.291979 0.005753 0.030727
0.292719 -0.003932 -0.024582
0.292099 -0.001697 0.000000
0.283480 0.006652 0.036874
0.022622 -0.000473 -0.098329
0.000760 -0.000650 -0.313422
0.175774 -0.020110 -0.122910
0.288356 -0.004534 -0.043019
0.245767 -0.002769 -0.018436
0.017461 0.000365 0.024582
-0.002178 -0.000508 0.301130
-0.019535 -0.003518 0.227385
-0.052973 -0.003294 0.116765
0.000000 0.000000 0.036873
-0.005979 -0.002062 0.411750
-0.008738 -0.002158 0.454769
-0.006498 -0.001666 0.632989
0.004320 0.001156 0.454769
0.002891 0.000801 0.451082
0.002147 0.000624 0.024582
0.000000 0.000000 0.000000
0.000000 0.000000 0.000000
0.000000 0.000000 0.000000
-0.001183 -0.000775 0.000000
0.000000 0.000000 0.000000
0.000000 0.000000 0.000000
0.000000 0.000000 -0.006146
0.000000 0.000000 0.000000
0.001178 0.000782 0.000000
0.246120 -0.003757 -0.018436
0.286215 -0.002472 -0.030728
0.289065 -0.001197 -0.012291
0.291618 -0.001027 -0.024582
0.288327 -0.004563 -0.049165
0.258240 -0.004503 -0.049164
0.024012 0.000646 0.043019
-0.030123 -0.001263 0.122911
0.004919 -0.000898 -0.086037
0.007964 -0.000756 -0.272862
0.004114 -0.000275 -0.270403
0.000000 0.000000 -0.307276
0.001414 -0.000042 -0.288840
0.006193 -0.001283 -0.282694
0.282613 -0.036166 -0.159784
0.289911 -0.001207 0.000000
0.288748 -0.003116 -0.012291
0.289334 -0.005623 -0.036873
0.287898 -0.007911 -0.055310
0.288146 -0.003980 -0.018436
0.287171 0.001293 0.006145
0.293171 -0.000273 -0.018436
0.290594 -0.004011 -0.024583
0.276409 -0.007980 -0.043018
0.017117 0.000036 -0.018437
0.000991 0.000137 -0.258112
0.002231 -0.000152 -0.294985
-0.006270 0.001304 -0.270403
-0.009421 0.000483 -0.294985
-0.013932 0.002430 -0.294986
-0.009978 0.001197 -0.276548
-0.008754 0.001836 -0.270404
-0.005831 0.000077 -0.258111
-0.002121 0.000707 -0.313422
0.000000 0.000000 -0.245821
0.003898 -0.000897 -0.276550
0.008090 -0.001594 -0.276548
0.007594 -0.000593 -0.276549
0.005563 -0.001024 -0.264258
0.007926 -0.001475 -0.307276
0.004462 0.000303 -0.073746
-0.001265 -0.000632 0.264257
0.012476 0.002517 0.448624
0.004460 0.000323 0.227384
0.211854 -0.002806 -0.012291
0.286812 -0.006914 -0.036873
0.291669 0.002254 0.006146
0.290895 0.005500 0.030727
0.290932 0.002885 0.000000
0.294091 -0.000281 -0.018436
0.292216 0.001314 0.000000
0.294380 0.004198 0.018436
0.178039 0.003309 0.018437
0.004414 -0.000718 -0.067601
0.003159 0.000152 -0.288840
-0.001403 0.000178 -0.288839
0.000000 0.000000 -0.276549
-0.001280 -0.000601 -0.276548
0.034634 -0.006440 -0.242135
0.277271 -0.012711 -0.055309
0.292470 -0.004176 -0.024582
0.263431 -0.004465 -0.030728
0.287237 -0.002996 -0.012291
0.288246 -0.009615 -0.055310
0.289384 -0.008188 -0.049164
0.123550 -0.002115 -0.036873
0.000906 0.000423 -0.245821
0.012660 -0.001312 -0.270403
-0.001974 -0.001050 -0.319567
0.000294 0.000956 -0.288840
-0.007000 0.000069 -0.276549
0.134638 -0.022303 -0.190511
0.293375 -0.000542 -0.024582
0.296242 -0.007590 -0.055310
0.294616 -0.006117 -0.049164
0.288991 -0.004935 -0.036873
0.284002 -0.002778 -0.024582
0.029396 0.000924 0.141347
0.006217 0.001161 0.497787
-0.002000 -0.000017 0.460915
0.022283 0.006961 0.313422
0.297315 0.022114 0.067600
0.267793 0.004144 0.012291
0.291395 -0.007653 -0.043018
0.259409 -0.008000 -0.049165
0.261903 -0.004362 -0.018436
0.296265 -0.006298 -0.036873
0.261171 -0.007673 -0.049164
0.295187 -0.003013 -0.012292
0.289014 -0.001027 -0.024582
0.291390 -0.007854 -0.049164
0.291252 -0.008788 -0.049164
0.292246 -0.003017 -0.018437
0.292991 -0.002574 -0.018436
0.144901 -0.000577 -0.012291
-0.000894 0.000448 -0.012291
0.001800 -0.000874 -0.190512
0.012108 -0.001174 -0.282694
0.011039 -0.001770 -0.307276
0.008863 -0.001208 -0.307276
0.001399 -0.000211 -0.270403
0.002191 -0.000448 -0.313422
0.001878 -0.000689 -0.251967
0.002985 -0.000298 -0.282694
-0.001165 0.000801 -0.282694
0.006263 -0.001327 -0.282694
0.005654 -0.000209 -0.301131
-0.001366 -0.000369 -0.294985
0.001949 -0.000448 -0.251968
-0.005024 0.000871 -0.264257
-0.004404 0.000773 -0.276549
-0.004986 0.000384 -0.239675
-0.002857 0.001355 -0.276549
-0.005823 -0.000306 -0.288840
0.002158 0.000584 -0.086037
-0.000994 0.000113 0.190511
-0.002207 -0.000356 0.454769
0.013334 0.003897 0.479351
0.003162 0.000036 0.430188
0.000996 -0.000097 0.030727
0.002111 0.000737 0.331859
0.000000 0.000000 0.006145
0.000000 0.000000 0.000000
0.000000 0.000000 -0.012291
0.248304 -0.008671 -0.036873
0.282469 0.000744 0.006145
0.282376 0.001244 -0.012290
0.278748 -0.003539 -0.030728
0.289874 -0.004807 -0.036873
0.292613 0.001712 0.012291
0.293761 0.004088 0.030727
0.289867 -0.001203 -0.024582
0.290017 -0.004847 -0.036873
0.288722 0.002057 0.012291
0.290426 0.006389 0.030728
0.261840 0.000991 -0.006146
0.108847 -0.000515 0.000000
0.000000 0.000000 0.079892
0.005325 0.001908 0.436332
-0.000000 -0.000000 0.436333
0.003869 0.001016 0.442477
0.000000 0.000000 0.325713
0.093425 -0.003113 -0.036873
0.300529 -0.001453 -0.024582
0.293051 -0.007138 -0.055310
0.294078 -0.006542 -0.049164
0.288364 -0.004917 -0.043019
0.289211 -0.006410 -0.043018
0.290423 0.022268 0.159783
0.288755 -0.010414 -0.079891
0.290608 -0.002866 -0.030728
0.294411 0.001686 0.073746
0.287833 0.002840 -0.012291
0.289602 -0.008274 -0.061455
0.290423 -0.007538 -0.049164
0.289495 -0.008524 -0.055310
0.291380 -0.008210 -0.055309
0.288870 -0.008901 -0.067601
0.295788 0.010064 0.129056
0.282679 0.050127 0.239675
0.258614 -0.007165 -0.061455
0.287970 -0.006545 -0.049164
0.260210 -0.004866 -0.043019
0.260794 -0.005359 -0.043018
0.406386 -0.014255 -0.067602
0.279749 -0.005720 -0.043018
0.277889 -0.006553 -0.043019
0.022090 -0.000197 0.147493
0.000725 -0.001215 0.491642
0.000674 0.000740 0.473205
0.005033 0.000820 0.344150
0.266720 0.020936 0.073746
0.287326 -0.002947 -0.024582
0.285039 -0.032827 -0.184366
0.288824 -0.003897 -0.030727
0.288816 -0.006201 -0.043019
0.289971 -0.007870 -0.049164
0.291046 -0.004742 -0.030728
0.288190 0.003305 0.006146
0.286511 -0.003170 -0.036874
0.290737 -0.008048 -0.049164
0.283380 -0.002128 -0.018436
0.033615 0.000163 0.061455
0.007539 0.002671 0.454769
-0.006304 -0.002296 0.405604
0.002359 0.002106 0.657572
0.004078 0.000609 0.444936
0.000000 -0.000000 0.387168
-0.001330 -0.000481 0.436332
-0.001534 -0.001281 0.473205
0.000000 0.000000 0.067602
0.177933 -0.011694 -0.067602
0.286780 0.001307 -0.006145
0.288872 -0.001575 -0.030728
0.288193 -0.002167 -0.012291
0.289588 0.003839 0.030728
0.288888 0.006099 0.030728
0.287126 0.000924 -0.006146
0.291976 -0.005458 -0.030728
0.289097 0.002782 0.012291
0.291795 0.000899 0.000000
0.287862 -0.004155 -0.043018
0.235022 -0.003694 -0.036873
0.109107 0.000807 0.055309
0.005089 0.000316 0.442479
-0.001166 -0.000801 0.467060
0.009619 0.002735 0.454769
0.017879 0.004511 0.239675
0.295992 0.002433 -0.012291
0.292734 -0.001911 -0.024582
0.288200 -0.001106 -0.018436
0.288471 -0.004031 -0.036874
0.262457 -0.004058 -0.043018
0.288167 -0.004404 -0.030728
0.259999 -0.000704 -0.012291
0.261695 0.001047 -0.006146
0.287723 -0.004552 -0.036872
0.258411 -0.006883 -0.049165
0.290570 -0.005200 -0.036873
0.291540 -0.002037 -0.012291
0.287301 -0.006880 -0.049164
0.287659 -0.005786 -0.049165
0.288801 -0.003242 -0.024581
0.289995 -0.004114 -0.036874
0.290569 -0.003401 -0.030727
0.291532 -0.003017 -0.030728
0.289943 -0.001102 -0.018436
0.289207 -0.006364 -0.043019
0.287732 -0.008848 -0.067601
0.263465 -0.002041 -0.012291
0.004211 0.000520 0.018437
0.002036 0.000924 0.368731
0.002234 0.000129 0.430187
0.006879 0.001632 0.424041
0.002543 0.001236 0.485497
0.002097 -0.000778 0.024582
0.000000 0.000000 -0.006146
0.000000 0.000000 0.012291
0.033392 0.001406 0.055310
0.279423 0.002136 -0.018437
0.291145 -0.002435 -0.036873
0.265393 -0.004941 -0.036873
0.259547 -0.002068 -0.018437
0.287075 -0.002470 -0.024582
0.259645 -0.006459 -0.055309
0.289680 -0.006252 -0.043019
0.290351 -0.005813 -0.043019
0.288357 -0.007952 -0.055310
0.289714 -0.008344 -0.049164
0.288506 -0.000292 0.049164
0.280926 0.022312 0.079892
0.292695 0.009121 0.086038
0.289915 -0.008394 -0.055310
0.286092 -0.003409 -0.018436
-0.011232 -0.001360 0.024582
-0.040593 0.001069 -0.030728
-0.000790 0.000612 0.325713
0.003325 -0.001392 0.485496
0.006763 0.002694 0.479351
0.010210 0.001319 0.442478
-0.015066 -0.005831 0.448624
-0.052923 -0.004918 0.301130
-0.005000 -0.001000 0.469518
0.006721 0.002197 0.473206
0.008824 0.001463 0.436332
0.002945 0.000572 0.411750
0.006729 0.002595 0.399459
0.013133 0.002916 0.473206
0.003585 -0.000395 0.153638
0.001894 0.000637 -0.208948
0.005479 -0.001409 -0.288840
0.005705 -0.001205 -0.270403
0.006707 -0.000098 -0.319567
0.000988 -0.000158 -0.245821
0.004072 -0.000647 -0.325712
0.005784 -0.000742 -0.251967
0.012636 -0.001528 -0.307276
0.267732 -0.019196 -0.079892
0.289621 -0.002967 -0.030728
0.293363 -0.004000 -0.024582
0.290241 0.001421 0.000000
0.288452 0.004552 0.024582
0.290766 -0.000359 -0.012291
0.296190 0.009411 0.086038
0.291919 -0.001753 -0.024583
0.294472 -0.001944 -0.036873
0.292658 -0.000423 0.000000
0.293535 -0.000901 -0.018437
0.148102 0.002677 0.012291
-0.003115 0.000542 -0.165928
0.004108 -0.000342 -0.325714
0.000000 0.000000 -0.248279
0.000000 0.000000 -0.159783
0.000000 0.000000 0.092183
0.006968 0.001207 0.383481
0.010186 0.002293 0.442477
0.054366 0.013012 0.233530
0.278707 -0.015216 -0.190511
0.297872 -0.003652 -0.036873
0.294088 -0.003213 -0.018437
0.292260 0.000934 0.006146
0.292062 0.004966 0.006145
0.293121 -0.003148 -0.043019
0.266527 -0.002906 -0.006145
0.002236 0.000001 0.233530
0.005635 0.000500 0.491642
-0.004084 -0.000565 0.460914
-0.000997 0.000079 0.430187
0.095868 0.001483 0.012291
0.295332 0.002265 -0.006145
0.295575 0.000482 -0.012292
0.292656 -0.001142 -0.024582
0.291974 -0.006015 -0.043018
0.289983 -0.002458 -0.030728
0.291238 -0.000637 0.000000
0.290584 -0.004709 -0.036873
0.082278 -0.000602 -0.006146
-0.190730 0.018636 -0.227384
0.054184 -0.002260 -0.055310
0.233930 0.002627 0.000000
-0.002072 -0.000840 0.079892
0.007386 0.001857 0.460914
0.000580 0.000814 0.405605
0.007022 0.001924 0.448623
0.010851 0.002062 0.460915
0.009255 0.001826 0.436332
0.000000 0.000000 0.454769
-0.001261 0.000639 0.473205
0.000988 -0.000157 0.454769
0.002786 0.000488 0.399460
0.006678 0.000640 0.178220
0.005384 0.000003 -0.276549
0.140017 -0.014431 -0.104474
0.294176 -0.002627 -0.012291
0.294170 -0.000425 0.000000
0.292755 -0.000410 -0.006145
0.289910 -0.001425 -0.006146
0.289916 -0.001058 -0.006146
0.292032 0.001446 0.012292
0.291339 0.001396 0.018436
0.293584 0.002337 0.024582
0.293892 0.002184 0.018437
0.151738 0.001252 0.024582
-0.002817 0.000257 0.258112
0.003141 0.000362 0.417896
0.012942 0.003239 0.174533
0.298565 -0.000421 -0.024582
0.296224 0.020330 0.110619
0.258556 -0.004115 -0.024582
0.292620 0.017248 0.086037
0.290468 0.010653 0.043019
0.289978 -0.003730 -0.030727
0.288439 -0.005896 -0.055311
0.288711 0.003746 0.012291
0.288156 0.005551 0.030728
0.291480 0.007192 0.024583
0.293461 -0.000620 -0.030728
0.291954 0.000455 0.006145
0.293089 0.005640 0.030728
0.289097 0.003325 0.006146
0.287776 -0.002223 -0.030728
0.288089 0.001248 -0.006146
0.291353 -0.003247 -0.030728
0.293974 -0.003346 -0.036873
0.092883 0.001320 0.061456
0.005659 0.001403 0.436332
0.007658 0.002520 0.448624
0.024821 0.007995 0.356440
0.292171 -0.000665 -0.024582
0.265405 0.018027 0.129056
0.262616 -0.001030 -0.012291
0.285205 -0.005176 -0.043019
0.258945 -0.005456 -0.043019
0.285189 -0.003641 -0.036873
0.290746 -0.002792 -0.024582
0.260193 -0.002332 -0.036873
0.290984 -0.006016 -0.055310
0.264301 -0.005920 -0.043019
0.002926 0.000662 0.012292
0.007824 0.001669 0.411749
0.001180 0.000780 0.436333
0.013185 0.002674 0.460914
0.009816 0.002765 0.436333
0.011921 0.002426 0.442478
0.009326 0.001426 0.454768
0.003687 0.001846 0.460915
0.044822 0.014458 0.436332
0.296522 0.022971 0.086037
0.293520 -0.027473 -0.227384
0.289292 -0.000507 0.000000
0.290384 0.001444 0.018436
0.288561 -0.000786 -0.012290
0.288337 -0.001234 0.018436
0.287909 0.002499 0.018437
0.290278 -0.021095 -0.184366
0.264898 0.003046 0.012291
0.255617 0.003037 0.018437
0.203288 0.001988 0.006145
-0.007046 0.000594 0.000000
0.000998 0.000058 0.036873
0.009956 0.002209 0.448624
-0.000000 -0.000000 0.411750
0.010114 0.003701 0.356440
0.282251 -0.001775 -0.018436
0.288299 -0.005965 -0.036873
0.286548 -0.008249 -0.036873
0.260741 -0.004030 0.006145
-0.059490 -0.003863 0.098328
0.017668 0.001355 0.129056
0.008014 0.000878 0.487955
0.004375 0.000929 0.467060
0.001411 0.000090 0.454769
0.206781 0.047102 0.221239
0.285684 -0.013946 -0.079892
0.288391 -0.000783 -0.012291
0.289691 -0.002063 -0.067601
0.280618 -0.037298 -0.227384
0.287470 0.000962 -0.030728
0.288454 -0.002683 -0.030727
0.288645 -0.001027 -0.024583
0.284999 0.000858 0.000000
0.292197 0.001279 -0.006145
0.261811 -0.000004 -0.018437
0.261743 -0.001580 -0.030727
0.287854 -0.002827 -0.030728
-0.004237 0.000224 0.000000
-0.278289 -0.000148 -0.030727
-0.258078 0.003589 -0.043019
-0.099754 0.001452 -0.036873
-0.000665 -0.000747 -0.086038
-0.000801 0.000598 -0.276548
-0.003159 0.000137 -0.282694
0.000000 0.000000 -0.291299
-0.002164 0.000563 -0.258111
0.007609 -0.001763 -0.313422
0.000000 0.000000 -0.288840
0.007580 -0.000734 -0.288840
0.000000 -0.000000 -0.282694
0.003063 -0.000788 -0.294985
0.265127 -0.041058 -0.172075
0.288109 -0.003009 -0.012291
0.285114 -0.027107 -0.153638
0.286681 0.000462 0.006145
0.290387 0.000501 0.018437
0.288290 0.002480 0.018437
0.289430 0.000584 0.000000
0.261450 -0.000879 0.000000
0.290043 -0.000206 -0.006146
0.226628 0.001338 0.012291
0.001402 -0.000185 0.079892
0.008050 0.000442 0.460914
-0.000994 -0.000113 0.399459
-0.002201 -0.000394 0.473206
0.227603 0.061049 0.270403
0.284002 -0.000919 0.012291
0.290304 -0.005343 -0.024582
0.285116 -0.004961 -0.086037
0.290919 -0.019271 -0.073747
0.288971 -0.003977 -0.036873
0.286954 -0.008817 -0.061455
0.290871 -0.005930 -0.043019
0.288716 -0.003486 -0.036873
0.168812 -0.002710 -0.006145
0.214121 -0.005836 -0.018437
0.280958 -0.005263 -0.012291
0.287796 0.005595 0.036873
0.288435 -0.004240 -0.030727
0.290957 -0.008591 -0.055310
0.288419 -0.005236 -0.030728
0.288535 0.000022 0.006146
0.286609 -0.002897 -0.024583
0.288100 -0.004947 -0.036873
0.262148 -0.003925 -0.024582
0.287005 -0.008249 -0.055309
0.260688 -0.006742 -0.055310
0.066483 -0.000205 0.049164
0.006199 0.001604 0.417896
0.005057 0.001851 0.460914
0.006746 0.001870 0.438791
0.203550 0.057703 0.301130
0.285798 0.004136 0.067601
0.285764 0.038159 0.172075
0.288195 0.005693 0.018437
0.286537 0.030029 0.233530
0.288780 0.000423 0.030727
0.288886 0.016788 0.079892
0.265684 0.003583 0.012291
0.275737 -0.027186 -0.227384
0.290034 -0.038434 -0.251967
0.285587 -0.040558 -0.245821
0.289443 0.005698 0.073746
0.145905 0.013026 0.338004
-0.001414 -0.000021 0.448624
0.000939 0.000344 0.485496
0.003240 0.001581 0.485496
-0.001395 -0.000234 0.424041
0.010152 0.002439 0.436333
0.013760 0.003264 0.473205
0.041426 0.009212 0.258112
0.281005 -0.001118 -0.030727
0.289105 0.001789 0.000000
0.253553 -0.000215 -0.012291
0.292566 -0.005507 -0.043019
0.263299 0.001655 0.012291
0.292365 0.014298 0.153638
0.290511 0.011157 0.036873
0.290605 0.004681 0.030728
0.292018 -0.007082 -0.055310
0.289737 -0.002375 -0.030727
0.288334 -0.019840 -0.073747
0.092195 0.001023 0.024582
0.001402 0.000187 0.159784
0.004929 -0.000840 0.479351
-0.002884 -0.000826 0.473206
0.138220 0.013582 0.098328
0.291463 -0.003185 -0.018437
0.290781 0.003422 0.030728
0.289881 0.008388 0.055310
0.292841 0.002997 0.024582
0.185323 -0.000593 0.012291
-0.005771 -0.000833 0.251967
-0.008406 -0.001154 0.417895
0.001751 0.000966 0.436333
0.037373 0.010549 0.279006
0.281678 0.001937 -0.018436
0.289660 0.001477 -0.012291
0.261528 -0.004060 -0.030728
0.261230 0.001996 0.000000
0.287685 0.003057 0.000000
0.289065 -0.001196 -0.012291
0.260088 -0.002716 -0.036873
0.288462 -0.000025 0.000000
0.290451 -0.000225 -0.030727
0.290409 -0.004340 -0.055311
0.288969 -0.004262 -0.020894
0.289019 -0.002224 -0.012291
0.064026 -0.000820 0.012291
-0.257050 0.007421 -0.055310
-0.247885 0.006788 -0.043019
-0.230984 0.006949 -0.061455
-0.153551 0.002676 -0.036873
0.004120 -0.000173 -0.141347
-0.003499 0.000869 -0.313422
-0.002806 0.000361 -0.288840
-0.004414 0.000716 -0.258112
-0.011345 0.001138 -0.270403
-0.000996 0.000096 -0.288840
-0.004309 0.001196 -0.270403
-0.005814 0.000449 -0.288839
-0.007751 0.000965 -0.313422
-0.003109 0.000577 -0.245821
0.016688 -0.003394 -0.227385
0.298656 -0.015550 -0.067600
0.266152 0.000484 0.018436
0.260979 0.003492 0.012291
0.285883 0.024406 0.233530
0.094751 0.005674 0.061455
0.281130 -0.005644 -0.043018
0.283777 0.004748 0.018436
0.290656 0.001802 0.006146
0.290234 0.002210 0.006146
0.288732 -0.001224 -0.006146
0.118674 0.001204 0.036873
0.004722 0.001644 0.381023
0.001407 0.000135 0.436332
-0.000000 -0.000000 0.473205
0.205558 0.052211 0.282695
0.234980 -0.000944 0.000000
0.127572 -0.011590 -0.135202
0.289224 -0.012770 -0.067601
0.292537 -0.001589 -0.018436
0.287727 -0.004801 -0.036873
0.287969 -0.008224 -0.055310
0.290006 -0.002287 -0.012291
0.290968 0.004292 0.024582
0.255017 0.000493 -0.012291
0.290006 -0.002287 -0.006146
0.261957 0.006254 0.043019
0.259086 -0.001916 -0.012291
0.290929 -0.006438 -0.036873
0.137044 -0.001979 -0.018437
-0.000000 0.000000 0.030728
-0.004001 -0.000010 0.344149
-0.002554 -0.001215 0.479351
0.000732 0.000682 0.430187
-0.007595 -0.002513 0.457227
-0.001981 0.000274 0.436333
0.000000 0.000000 0.276548
0.000752 0.000660 0.350295
0.000933 0.000362 0.442479
0.013328 0.004045 0.491642
0.000000 0.000000 0.454769
-0.000851 -0.000524 0.147492
0.009322 -0.001449 -0.282694
0.007037 -0.000694 -0.264258
0.223614 -0.089453 -0.479351
0.287805 -0.007266 -0.030727
0.283919 0.002016 0.012291
0.290339 0.009831 0.055309
0.289528 0.000024 -0.006145
0.287381 0.001158 0.012291
0.264320 0.004946 0.036873
0.263246 -0.000461 -0.018437
0.287974 -0.029248 -0.208948
0.255965 0.005888 0.036874
0.279024 -0.003231 -0.036874
0.259016 -0.001090 -0.006146
0.290919 0.007934 0.049165
0.284248 0.001871 -0.012291
0.291851 -0.009818 -0.049165
0.293005 0.003563 0.024582
0.292002 -0.001641 -0.024582
0.288265 -0.006563 -0.073746
0.230746 -0.026195 -0.190511
-0.006321 0.000201 -0.141348
0.007122 -0.001125 -0.325712
-0.001413 0.000040 -0.307276
0.000000 0.000000 -0.276549
-0.045764 0.010708 -0.272861
-0.022066 0.001052 -0.036874
-0.003987 -0.000319 -0.245821
-0.010127 0.001858 -0.282694
-0.002212 -0.000324 -0.264257
0.000643 0.000766 -0.288840
-0.000000 0.000000 -0.264258
-0.000000 0.000000 -0.264257
-0.003098 0.000636 -0.239676
0.033943 -0.010764 -0.331858
0.275206 -0.019020 -0.079892
0.267278 -0.002528 -0.030728
0.286290 -0.036442 -0.208947
0.258636 -0.001757 -0.012291
0.286606 0.003091 0.024581
0.290280 0.009141 0.043019
0.288533 -0.000803 -0.018436
0.293292 -0.016885 -0.153639
0.289772 0.003989 0.012292
0.288868 0.005340 0.036873
0.288591 0.000512 -0.006146
0.286714 -0.020486 -0.190511
0.435538 0.001951 0.018437
0.287428 0.004255 0.036873
0.287922 0.000916 -0.006146
0.289643 -0.004315 -0.036873
0.288779 -0.002816 -0.018437
0.290698 0.001936 0.018437
0.290558 0.006062 0.018437
0.106569 -0.000237 0.000000
-0.024030 0.000757 0.012291
-0.001276 -0.000611 0.454768
0.004254 0.001378 0.516225
0.009920 0.001610 0.448623
0.005473 0.002012 0.436332
0.003603 -0.000131 0.454769
0.003998 0.001006 0.301131
0.008837 0.001704 0.248279
0.017318 0.005009 0.374877
0.259536 -0.000900 0.006146
0.284596 -0.003213 0.000000
0.286239 0.002643 -0.012291
0.287925 -0.004515 -0.043019
0.288927 -0.005501 -0.030727
0.290589 0.004909 0.024582
0.289307 0.002589 0.000000
0.287255 0.005553 0.024582
0.285717 0.002425 0.006145
0.286644 0.000272 -0.018436
0.288557 -0.002817 -0.036873
0.286737 0.003130 0.006145
0.176967 0.001967 0.036873
0.001308 0.000537 0.221239
0.005577 0.000949 0.503933
-0.003137 -0.000405 0.460915
0.020055 0.004778 0.239676
0.294921 -0.001213 -0.018437
0.290771 0.004172 0.012291
0.290557 -0.000373 -0.018436
0.261064 -0.002605 -0.024583
0.001959 -0.000400 0.110620
0.003162 0.000030 0.424041
0.000000 0.000000 0.424041
0.003668 0.001596 0.442478
0.179940 -0.004751 -0.030727
0.244002 0.001700 0.000000
0.285990 -0.008352 -0.129056
0.292124 -0.005808 -0.012291
0.294026 0.006124 0.036873
0.291032 0.005021 0.018436
0.170575 0.000451 0.012292
-0.004062 0.000708 -0.110620
0.003132 -0.000437 -0.270403
0.007146 -0.000966 -0.264258
0.003576 0.000466 -0.288839
0.003069 -0.000759 -0.251967
0.001903 -0.000614 -0.251966
0.003993 -0.000241 -0.276549
0.001405 -0.001739 -0.270403
0.005355 0.000571 -0.245821
0.003494 -0.000892 -0.282694
-0.001377 -0.000323 -0.276549
0.169199 -0.041190 -0.297443
0.285560 -0.027740 -0.196657
0.289498 0.000809 0.006145
0.291306 -0.004675 -0.036873
0.290564 -0.007517 -0.055309
0.260207 -0.005050 -0.036874
0.213223 -0.003492 -0.018436
-0.001874 -0.000698 0.104474
0.007747 0.001994 0.451081
-0.000980 0.000198 0.362587
0.006895 0.001569 0.497787
0.000872 0.000490 0.399459
0.211893 0.021787 0.110619
0.286005 -0.004648 -0.086037
0.286531 -0.005046 -0.018436
0.286785 -0.001752 -0.024582
0.286141 0.002193 0.018436
0.290866 0.008518 0.024582
0.287713 -0.030038 -0.202802
0.290612 0.005343 0.018436
0.286003 0.001802 0.018437
0.288574 0.006495 0.036873
0.289808 -0.004910 -0.098328
0.287271 -0.026390 -0.116766
0.287265 0.000134 -0.006145
0.290940 0.005830 0.036874
0.291021 0.010332 0.061455
0.289276 0.006639 0.030727
0.172654 -0.001654 -0.098328
0.269732 -0.014445 -0.055310
0.290699 0.006271 0.030727
0.265550 0.006651 0.036874
0.282462 0.000622 0.000000
0.024153 -0.000775 0.000000
-0.001307 0.000539 0.141347
0.002187 -0.000467 0.479352
-0.000000 -0.000000 0.460914
0.128744 0.041832 0.362586
0.291734 -0.002023 -0.018436
0.284684 -0.004356 -0.043019
0.292576 -0.006020 -0.018437
0.046043 0.000045 0.000000
0.003040 0.000872 0.202803
0.005384 0.000096 0.485496
-0.001083 -0.000909 0.436332
0.008696 0.003062 0.436333
0.000819 0.000574 0.454769
0.001976 0.000311 0.448623
-0.000000 -0.000000 0.454769
-0.000000 -0.000000 0.270403
0.093517 0.023654 0.301131
0.295227 -0.007639 -0.049164
0.294919 -0.008929 -0.055310
0.290366 -0.006060 -0.036873
0.290756 -0.009276 -0.055310
0.063971 0.000828 0.129056
0.006960 0.001250 0.420354
-0.000995 0.000101 0.399459
0.002714 0.000795 0.460915
0.137304 0.000752 0.012291
0.258761 0.001863 0.000000
0.296171 0.005541 0.024582
0.291285 0.002218 0.000000
0.152853 0.000999 0.049164
0.007928 0.002268 0.424041
-0.001990 -0.000199 0.442478
0.012713 0.002894 0.448623
0.137949 0.009759 0.073746
0.294150 -0.002978 -0.018436
0.294904 0.003107 0.012291
0.290452 0.006194 0.036873
0.291108 -0.005299 -0.043019
0.291522 -0.006980 -0.049164
0.287167 0.001777 0.006146
0.289102 -0.007816 -0.110620
0.173111 0.000736 -0.012291
-0.001407 -0.000139 -0.079892
0.006639 -0.000960 -0.245821
0.003160 -0.000125 -0.270403
-0.000996 0.000091 -0.276549
0.175818 -0.026003 -0.159784
0.287911 -0.002685 -0.024582
0.261480 0.000585 0.000000
0.262774 0.000014 -0.018436
0.155239 0.000854 0.012291
0.002228 -0.000196 -0.086038
0.000895 0.000446 -0.239675
0.006283 -0.001236 -0.270403
0.004432 -0.000602 -0.276549
0.000000 0.000000 -0.270403
0.000000 -0.000000 -0.229843
-0.002146 0.000630 -0.227384
0.000395 -0.000919 -0.251967
0.005000 0.000070 -0.258112
0.002195 -0.000426 -0.270403
0.003156 -0.000199 -0.264258
0.006949 -0.000841 -0.184365
0.212717 -0.004423 -0.024583
0.287532 -0.004606 -0.024582
0.286361 -0.004718 -0.030727
0.287791 0.001256 0.006145
0.286695 0.007412 0.110620
0.075891 0.005054 0.405604
0.170974 0.026701 0.159784
0.289150 -0.001459 -0.018437
0.287015 -0.001832 0.000000
0.291109 -0.000719 0.012292
0.262384 0.002156 0.024582
0.002755 0.000641 0.098328
-0.074250 -0.021139 0.362586
-0.021095 -0.000096 0.141347
0.005383 0.000168 0.426499
0.004014 0.000941 0.245821
0.150861 -0.000897 -0.012291
0.299538 0.001437 -0.012291
0.294673 0.002164 0.012291
0.294705 0.006789 0.036874
0.291363 0.002124 0.000000
0.292207 0.005003 0.006146
0.287826 0.002440 0.006145
0.286140 0.005375 0.030728
0.290662 0.006672 0.018436
0.288672 0.007374 0.036873
0.289691 0.001738 0.006146
0.290125 0.006268 0.030727
0.289441 -0.016557 -0.184366
0.287744 -0.009540 -0.036873
0.288099 0.002054 -0.006145
0.285734 0.002245 0.006145
0.290455 0.003619 0.018437
0.290575 0.003362 -0.006146
0.289290 -0.000719 -0.012291
0.290850 0.005580 0.018437
0.259987 0.003978 0.018436
0.244693 0.003898 0.024582
-0.005089 0.000322 0.153639
0.004466 0.000221 0.436332
-0.001411 0.000092 0.454769
0.093076 0.027382 0.331858
0.265544 -0.000614 -0.018436
0.293047 -0.006050 -0.122912
0.291634 -0.024224 -0.110619
0.290684 0.001670 -0.006146
0.290287 0.005419 0.018437
0.290855 -0.002889 -0.024582
0.034516 0.000802 0.110619
0.006886 0.001606 0.467061
-0.005756 -0.000933 0.460914
0.016512 0.004043 0.448624
0.007685 0.002222 0.460914
-0.001162 -0.000806 0.448623
0.004778 0.001474 0.448624
0.013342 0.002644 0.442478
0.006991 0.000361 0.430186
0.005754 0.000938 0.473206
0.002165 0.000566 0.184366
0.003600 -0.000193 -0.221239
0.001414 -0.000041 -0.270404
0.013192 -0.003312 -0.411750
0.041498 -0.006550 -0.233530
0.279619 -0.011926 -0.061455
0.287863 -0.000509 -0.012291
0.262879 0.000659 -0.006145
0.259389 -0.006495 -0.049165
0.289786 -0.005113 -0.036873
0.290394 -0.000480 -0.006145
0.262235 0.001733 0.012291
0.001224 -0.000709 0.141347
0.005957 0.000714 0.473205
-0.001285 -0.000591 0.485497
0.000000 0.000000 0.436332
0.133070 0.019531 0.147493
0.290350 -0.001345 -0.018437
0.289037 -0.030681 -0.172075
0.289490 -0.006364 -0.030727
0.289698 -0.000626 0.018436
0.294369 0.027702 0.129056
0.289513 -0.006631 -0.030727
0.286980 -0.007697 -0.049164
0.287771 -0.002772 -0.006146
0.291293 0.001160 0.012291
0.289373 -0.003002 -0.018436
0.289043 0.000122 -0.006146
0.289651 -0.006324 -0.030728
0.261441 -0.004557 -0.018436
0.291350 -0.002131 -0.012291
0.259791 -0.005808 -0.030728
0.262933 -0.007388 -0.043019
0.289759 -0.005256 -0.018436
0.261629 0.000264 0.012291
0.287995 -0.004365 -0.018437
0.222796 -0.003658 -0.024582
0.080132 -0.000350 0.012291
0.007115 0.001541 0.430187
-0.001997 -0.000123 0.432645
0.003523 0.000775 0.479351
0.005736 0.001044 0.467060
0.006059 0.000534 0.178220
0.009822 0.002744 0.399460
0.005695 0.001249 0.479351
0.007816 0.001978 0.454769
0.010775 0.002427 0.479351
0.012831 0.003920 0.473205
0.006792 0.002422 0.448624
0.000886 0.000463 0.159783
-0.000949 -0.000316 -0.110619
0.001327 -0.000489 -0.258112
0.009085 -0.001573 -0.276549
0.006075 -0.001758 -0.239675
0.011347 -0.001110 -0.276549
0.006974 -0.000610 -0.294985
0.006283 -0.000720 -0.208948
0.095235 -0.002687 -0.036873
0.300540 -0.000354 -0.018437
0.262539 -0.001838 -0.012291
0.264778 0.001435 0.000000
0.292115 -0.001133 -0.018436
0.289720 -0.003896 -0.030728
0.288605 -0.004932 -0.024582
0.289908 -0.001760 -0.018437
0.290437 0.002747 0.006146
0.289781 -0.005406 -0.043019
0.289777 -0.005146 -0.043019
0.287235 -0.000912 -0.006145
0.264432 0.000821 0.018436
0.001400 -0.000200 0.172075
0.007145 0.001402 0.467060
-0.001996 -0.001010 0.460915
0.008928 0.002304 0.436332
0.065238 0.011488 0.178220
0.303117 -0.004117 -0.024582
0.294108 -0.003042 -0.178220
0.292951 0.016264 0.055310
0.290428 -0.005970 -0.043019
0.288207 -0.001788 -0.006146
0.286161 0.000875 0.006146
0.264005 -0.002331 -0.024582
0.288683 -0.007499 -0.049164
0.263045 -0.002667 -0.024583
0.258805 -0.000461 0.000000
0.292025 0.003198 0.012291
0.291292 -0.005334 -0.043018
0.291788 -0.008350 -0.049164
0.289736 -0.002692 -0.030728
0.289705 -0.000192 0.006145
0.287818 -0.004310 -0.036873
0.288222 -0.006496 -0.055309
0.290121 -0.003860 -0.024582
0.289480 -0.003404 -0.018437
0.291722 0.001758 -0.006146
0.099985 -0.000061 0.036873
0.002765 0.000597 0.448624
0.000853 0.000522 0.424041
0.007813 0.001992 0.460915
0.032409 0.010939 0.356440
0.299693 0.015293 -0.018436
0.293770 -0.005428 -0.030728
0.288603 -0.005004 -0.024582
0.291555 -0.002437 -0.006146
0.289266 -0.003918 -0.024582
0.290666 -0.007346 -0.043019
0.262571 0.001160 0.012292
0.258208 0.004178 0.030727
0.287890 -0.000691 -0.012291
0.260464 -0.000831 -0.024582
0.260675 -0.001635 -0.012291
0.212656 0.001127 0.018437
0.000849 -0.000529 0.049164
0.007528 0.002085 0.417895
0.008725 0.002972 0.460915
0.007886 0.001684 0.444936
0.009246 0.001872 0.442478
0.004264 0.001346 0.473205
-0.000000 0.000000 0.430187
0.000000 0.000000 0.467060
0.000000 -0.000000 0.436332
0.000861 0.000509 0.454769
0.008892 0.001704 0.454769
-0.000367 -0.000930 0.301130
-0.000779 0.000626 -0.184365
0.001762 -0.000946 -0.251967
0.015044 -0.001637 -0.270403
0.005027 -0.000852 -0.276549
0.007579 -0.000752 -0.270403
0.010524 -0.001508 -0.282694
-0.000000 0.000000 -0.258112
0.241383 -0.031998 -0.147492
0.281606 -0.008229 -0.049165
0.257549 -0.003551 -0.043019
0.286484 -0.004915 -0.043018
0.246433 -0.000910 0.006145
0.018423 0.000768 0.129057
0.164978 0.047501 0.331858
0.288057 -0.009389 -0.061455
0.292114 -0.003837 -0.043019
0.291581 -0.003793 -0.043019
0.102000 -0.000046 -0.012291
-0.062176 -0.000442 0.000000
-0.010292 -0.000298 -0.006145
0.286151 -0.009092 -0.129056
0.288780 -0.014971 -0.110620
0.291293 -0.037056 -0.190511
0.287126 -0.002998 -0.043020
0.288009 -0.006646 -0.049164
0.262473 -0.002782 -0.030727
0.004984 0.000405 -0.006146
-0.002988 -0.000261 0.147494
0.008166 0.002513 0.479351
0.001372 0.000344 0.479351
0.007009 0.001967 0.460914
0.011860 0.002086 0.448623
-0.000000 -0.000000 0.454769
0.002865 0.001337 0.436332
0.000632 0.001265 0.467060
0.001979 -0.000289 0.442478
0.005546 0.001112 0.405605
0.000838 0.000546 0.430187
0.097965 0.007478 0.086037
0.268661 -0.002505 -0.018437
0.298207 -0.003211 -0.030727
0.265146 -0.004759 -0.030728
0.287648 -0.005532 -0.024582
0.291156 -0.007007 -0.043019
0.287690 0.002736 0.012291
0.292411 0.001157 0.030728
0.289476 0.039353 0.272862
0.292680 -0.009291 -0.049165
0.292362 0.015146 0.098329
0.287944 0.028583 0.264257
0.281362 0.004579 0.012291
0.017461 -0.000354 0.043019
0.005387 0.001725 0.442478
0.124675 0.036142 0.288840
0.290625 -0.001694 -0.024582
0.291800 -0.008096 -0.061456
0.291189 0.001797 0.012291
0.290707 -0.003113 -0.036873
0.290335 -0.007154 -0.055310
0.091417 0.000224 -0.024582
0.279089 -0.002464 -0.030727
0.396609 -0.001170 -0.036873
0.260982 -0.003631 -0.036874
0.265301 -0.004543 -0.030727
0.289381 0.002718 0.000000
0.294105 0.000133 -0.012291
0.288972 0.002046 -0.006146
0.280926 0.000899 -0.018437
0.040360 -0.000259 0.018437
0.008678 0.002164 0.393314
-0.000309 0.000950 0.368732
0.265207 -0.003341 -0.030727
0.287015 -0.002702 -0.024584
0.286000 0.000352 0.000000
0.286997 0.002354 0.012291
0.288027 0.000813 -0.006146
0.287997 -0.001416 -0.030727
0.291161 -0.002487 -0.018436
0.287338 -0.001290 -0.012291
0.292325 0.002523 0.000000
0.288783 -0.005691 -0.049164
0.240515 -0.001634 -0.030728
-0.004099 0.000447 -0.184366
0.136275 -0.020052 -0.159784
0.292035 0.002261 0.006146
0.258046 0.000996 0.000000
0.291129 0.002246 0.006145
0.258048 -0.000591 -0.018436
0.260821 -0.001136 -0.006146
0.289945 -0.000920 -0.024582
0.259730 0.000552 -0.012291
0.293762 -0.002965 -0.030727
0.287902 -0.003488 -0.030728
0.286794 -0.003799 -0.024582
0.211212 -0.002454 -0.018437
-0.007203 -0.000334 0.215094
0.128813 0.037684 0.294985
0.293961 -0.005645 -0.067601
0.291783 -0.007533 -0.116765
0.287669 -0.033222 -0.159784
0.155631 0.000275 -0.018436
0.293989 -0.003950 -0.043019
0.292899 -0.003470 -0.036873
0.287305 -0.004480 -0.024582
0.289285 -0.002127 -0.018436
0.291069 -0.002856 -0.030728
0.289983 -0.005910 -0.055310
0.289240 -0.004723 -0.043019
0.290192 -0.000822 -0.012290
0.285793 -0.001349 -0.024583
0.289214 -0.000723 -0.024582
0.261726 -0.004626 -0.043018
0.255941 -0.004323 -0.036874
0.290787 -0.002938 -0.024582
0.153501 0.002721 0.055310
0.000000 0.000000 0.104474
0.012890 0.003723 0.393314
0.284511 -0.003232 -0.024582
0.265168 -0.001723 -0.006146
0.287833 -0.002841 -0.018436
0.286385 0.000766 0.000000
0.289646 -0.004370 -0.030729
0.286357 -0.000284 -0.012290
0.286205 -0.003471 -0.030728
0.290695 0.000901 -0.012291
0.287751 -0.004990 -0.049164
0.290174 -0.000972 -0.024582
0.289596 -0.002424 -0.024582
0.292591 -0.005300 -0.049165
0.288375 -0.003878 -0.036873
0.286250 -0.005106 -0.049164
0.287489 -0.003164 -0.043018
0.290596 -0.004310 -0.036874
0.288595 -0.004229 -0.043018
0.290490 -0.001615 -0.012292
0.289277 -0.000965 -0.018436
0.097950 0.000172 0.000000
0.003458 0.001017 0.294985
0.002223 0.000256 0.430187
-0.000000 -0.000000 0.399459
-0.001218 -0.000720 0.454769
0.135249 0.003024 0.024582
0.291663 0.001984 0.006145
0.258583 -0.003559 -0.036873
0.292328 -0.023757 -0.196657
0.291867 0.001574 -0.012291
0.289471 0.000750 0.018437
0.291285 -0.003328 -0.036873
0.290206 -0.005547 -0.055310
0.289483 -0.005641 -0.043019
0.287671 -0.003227 -0.030727
0.288309 -0.007370 -0.036873
0.243513 0.000661 -0.006146
0.271803 -0.004498 -0.024582
0.287501 -0.001202 -0.018437
0.284983 -0.001453 -0.006145
0.288011 0.020169 0.092183
0.289586 -0.006764 -0.055310
0.288531 -0.008180 -0.055310
0.289159 -0.002641 -0.018437
0.287120 -0.001983 -0.030727
0.181653 -0.002117 -0.024582
0.000000 -0.000000 0.104474
0.035654 0.013183 0.350295
0.278206 -0.002606 -0.049164
0.263215 0.002671 0.000000
0.292140 -0.000247 -0.006146
0.258746 -0.004724 -0.049164
0.256988 -0.009386 -0.135202
0.290866 -0.008776 -0.030727
0.287835 0.000232 -0.030728
0.284986 -0.038387 -0.239675
0.288692 -0.000919 -0.030728
0.288998 -0.006080 -0.049165
0.290043 -0.004861 -0.024582
0.289917 0.007266 0.110619
0.286132 0.028606 0.116765
0.289071 0.002920 0.018436
0.290774 0.005412 0.012292
0.287600 -0.007686 -0.036874
0.290258 0.000394 -0.036873
0.288761 -0.017037 -0.110619
0.292996 -0.006246 -0.049165
0.288020 -0.001878 -0.024582
0.290138 0.000272 -0.006146
0.288439 -0.006017 -0.055309
0.288828 -0.006087 -0.049164
0.288786 -0.006026 -0.043019
0.285341 -0.002387 -0.018437
0.263221 -0.003745 -0.043019
0.258312 -0.006012 -0.049164
0.291206 -0.005224 -0.018436
0.258839 0.022196 0.104474
0.290752 -0.006484 -0.049165
0.258623 -0.003805 -0.030727
0.291843 -0.005767 -0.024582
0.284424 0.017903 0.098328
0.287092 -0.006530 -0.055310
0.286649 -0.004246 0.012291
0.287779 0.026690 0.104475
0.289734 0.004749 0.006145
0.289957 -0.005093 -0.043019
0.290609 -0.006743 -0.049164
0.287407 -0.000443 -0.018437
0.288193 -0.002165 -0.006145
0.287059 -0.003816 -0.036873
0.126169 -0.001500 -0.012291
0.000000 0.000000 0.178220
0.007927 0.001088 0.503933
0.008114 0.004379 0.479351
-0.002161 -0.000576 0.436332
0.000960 0.000284 0.251967
0.000000 0.000000 -0.012291
0.000000 0.000000 0.000000
0.000000 0.000000 0.000000
0.000000 0.000000 0.000000
0.033057 -0.000415 -0.024582
0.280785 -0.000660 -0.018437
0.267987 0.001348 -0.018437
0.287456 0.002395 0.006146
0.259479 -0.020365 -0.202803
0.289440 -0.016564 -0.086037
0.283990 -0.003768 -0.043019
0.288041 -0.002854 -0.012290
0.287623 0.001585 0.006145
0.290290 -0.001135 -0.006145
0.291625 0.000178 0.000000
0.290291 0.000649 -0.006146
0.291528 -0.006971 -0.049164
0.287004 -0.003107 -0.024583
0.289147 -0.001740 -0.006145
0.290721 0.003285 0.012291
0.289372 0.000083 -0.006146
0.291382 -0.001599 -0.024581
0.291266 -0.003868 -0.024583
0.288468 0.000272 -0.006145
0.292633 0.004799 0.012291
0.287385 0.000182 -0.012291
0.289825 -0.001844 -0.018437
0.285685 0.000672 0.000000
0.261794 0.003689 0.018437
0.261815 -0.001139 -0.012291
0.291508 -0.000768 -0.018437
0.260849 -0.002268 -0.012291
0.259237 -0.000237 -0.006145
0.293050 0.002558 0.018436
0.289928 -0.000148 -0.006145
0.256442 -0.001364 -0.006146
0.289908 0.003416 0.018437
0.291174 0.005030 0.024582
0.290377 -0.002681 -0.030728
0.288047 -0.002689 -0.030728
0.288201 -0.002441 -0.012291
0.288640 -0.001095 -0.024581
0.291912 -0.002881 -0.018437
0.290020 -0.003012 -0.024582
0.289257 0.003455 0.012291
0.288210 -0.004986 -0.030728
0.285096 -0.003071 -0.024582
0.289942 -0.001103 -0.018436
0.291329 -0.000001 0.000000
0.288499 0.001415 -0.006146
0.290656 -0.004580 -0.043019
0.289653 -0.002028 -0.006145
0.262092 -0.001071 -0.012291
0.291903 0.001337 -0.012291
0.291245 -0.005056 -0.036874
0.261285 0.000033 -0.012290
0.260836 0.001050 0.006145
0.292503 0.002647 -0.006145
0.260407 -0.001144 -0.012291
0.286599 -0.001358 -0.012292
0.262402 0.001282 0.000000
0.286064 -0.003643 -0.030727
0.289501 -0.005712 -0.043019
0.287156 0.001120 -0.006146
0.221431 0.001067 0.012292
-0.000000 0.000000 0.036873
0.001387 0.000262 0.436332
0.052247 0.015756 0.319567
0.302884 0.009500 0.030728
0.294366 -0.002436 -0.024582
0.290888 -0.003077 -0.061455
0.291657 -0.041945 -0.276549
0.291576 -0.004287 -0.006145
0.282095 0.003401 0.018436
0.289154 0.000038 -0.012291
0.286905 -0.029348 -0.215093
0.290757 0.002048 0.000000
0.291449 0.001321 0.006145
0.292224 0.001629 0.006146
0.288720 0.000671 0.006145
0.254134 0.001092 0.000000
0.289517 0.000985 0.006146
0.259114 -0.000006 -0.006146
0.290990 0.002338 0.006146
0.257841 0.002887 0.012291
0.262437 0.005106 0.030727
0.122147 0.000071 0.036873
0.007378 0.001893 0.387169
0.001231 -0.000701 0.184365
0.243417 -0.006400 -0.036873
0.284528 -0.003491 -0.006145
0.287491 0.006705 0.036873
0.286816 0.004068 0.018437
0.285299 -0.021385 -0.110620
0.290433 -0.003164 -0.036873
0.287320 0.002774 0.024582
0.287720 0.009046 0.055310
0.287095 0.005146 0.018436
0.286270 -0.001265 -0.043019
0.289327 -0.033007 -0.172074
0.288395 0.002437 0.018436
0.290962 0.008490 0.043019
0.287772 0.000242 -0.012291
0.433870 -0.007222 -0.036873
0.289671 -0.001740 0.000000
0.290283 0.005851 0.030728
0.260917 -0.002556 -0.049165
0.260055 -0.017587 -0.092183
0.288949 -0.002434 -0.012290
0.260361 0.002924 0.030727
0.261257 0.005176 0.018437
0.285316 -0.002553 -0.024583
0.288807 -0.008222 -0.055309
0.289769 0.003750 0.018436
0.288468 0.003329 -0.024582
0.293185 -0.009610 -0.043019
0.128632 -0.000319 0.000000
0.000000 0.000000 0.000000
0.000000 0.000000 0.018437
-0.003108 -0.000585 0.086037
0.138429 -0.007893 -0.073746
0.290020 -0.002085 -0.006145
0.293927 0.002982 0.024582
0.293783 0.004700 0.006145
0.292044 -0.000254 -0.018436
0.179882 -0.001446 -0.012291
0.001358 -0.000394 0.024582
0.003551 0.001840 0.430187
-0.000998 -0.000048 0.430186
0.003155 -0.000191 0.411750
0.010625 0.002028 0.172075
0.263546 -0.001417 -0.006145
0.260021 -0.003490 -0.024582
0.292155 -0.006951 -0.049165
0.283826 -0.004540 -0.030727
0.254464 -0.000137 -0.012291
0.288756 -0.003946 -0.036873
0.293519 0.000228 -0.006146
0.270083 -0.003984 -0.043019
0.287859 0.001774 -0.006145
0.302999 -0.005131 -0.036873
0.295323 -0.005851 -0.036874
0.293119 -0.007293 -0.055309
0.044408 0.000159 -0.043019
-0.001385 -0.000293 -0.239675
0.001885 -0.000665 -0.264258
0.006980 -0.000524 -0.270403
0.003136 -0.000394 -0.264258
-0.003576 0.000460 -0.245821
0.002058 -0.000873 -0.239675
0.285942 -0.027690 -0.116765
0.289122 0.037956 0.190511
0.291391 -0.004675 -0.043018
0.434836 -0.015585 -0.079892
0.294295 -0.000484 -0.006146
0.127317 0.000313 0.018437
0.000555 0.000831 0.184366
0.000715 -0.000698 0.491641
-0.002861 -0.000904 0.516225
0.000977 -0.000209 0.399459
0.009748 0.001730 0.399459
0.000000 0.000000 0.479351
0.007808 0.002652 0.430187
0.002223 0.000257 0.454769
-0.002855 -0.001363 0.473205
-0.005740 -0.001744 0.444936
-0.013751 -0.003991 0.448624
-0.001387 -0.000259 0.092182
0.002813 0.000263 -0.227384
-0.013865 0.001337 -0.258112
0.001183 0.000778 -0.248279
-0.006037 0.000741 -0.264258
-0.013253 0.002090 -0.276549
-0.004989 0.000298 -0.239675
0.210875 -0.037250 -0.178220
0.288159 0.003235 0.024582
0.288438 -0.001630 -0.012291
0.291540 -0.006108 -0.018437
0.292581 0.004563 0.024582
0.288725 0.002357 0.018437
0.290170 0.000896 -0.006146
0.292640 -0.022036 -0.098328
0.260018 0.000005 -0.006146
0.291299 0.000613 0.018437
0.261855 -0.001941 -0.024582
0.245530 -0.002693 -0.006146
0.013415 -0.000259 0.079892
0.002757 0.000624 0.460914
0.000000 0.000000 0.424042
-0.000992 -0.000123 0.451082
-0.005701 -0.001230 0.424041
-0.010530 -0.002471 0.473205
-0.008806 -0.002105 0.485496
-0.011592 -0.003415 0.436333
-0.008302 -0.001761 0.479350
-0.001360 0.000374 0.467061
0.000998 0.000048 0.442477
0.033308 0.004549 0.122911
0.303893 -0.003824 -0.030728
0.297318 -0.006863 -0.049164
0.294985 -0.006623 -0.043019
0.294464 -0.005614 -0.024582
0.294359 -0.001539 -0.030727
0.158421 -0.001826 -0.043019
0.007945 -0.001376 -0.221239
0.011890 -0.001899 -0.294985
-0.000975 -0.000218 -0.251967
-0.001347 0.000439 -0.276548
0.000000 0.000000 -0.264258
0.093923 -0.013829 -0.172075
0.269288 0.003920 0.012291
0.300255 0.007121 0.043019
0.266501 0.004630 0.018437
0.267005 -0.003862 -0.030728
0.289653 -0.003820 -0.030728
0.042151 -0.000375 0.006146
-0.001834 0.000785 0.245821
0.011210 0.001526 0.491642
0.001819 0.000832 0.399459
0.000000 0.000000 0.024582
0.003000 0.000015 0.178221
0.004113 0.000299 -0.122911
0.005942 -0.001304 -0.239676
-0.000189 0.000985 -0.251966
0.213682 -0.026260 -0.122910
0.284930 0.000418 -0.024583
0.288445 -0.003391 -0.024582
0.281327 -0.000090 -0.012291
0.019412 0.000451 -0.122910
-0.002828 0.000106 -0.276549
0.016792 -0.003178 -0.202802
0.301022 -0.004475 -0.018437
0.295043 0.002041 -0.006145
0.293463 -0.000896 -0.018437
0.264461 -0.001182 0.000000
0.062933 0.000427 0.036873
0.001601 0.001559 0.344150
0.001409 0.000145 0.424041
0.000894 0.000449 0.411750
0.212365 0.017505 0.098329
0.288160 -0.002747 -0.024583
0.286924 -0.006647 -0.036873
0.291078 -0.001992 -0.006145
0.180021 0.001206 -0.006146
0.000999 0.000029 -0.202802
-0.000000 -0.000000 -0.294986
0.180515 -0.019867 -0.122910
0.284802 0.000510 0.000000
0.280598 0.001079 0.006145
0.015804 0.000604 0.116765
-0.000865 -0.000503 0.473206
-0.007882 -0.002425 0.448623
-0.009306 -0.001542 0.448624
0.004315 0.001166 0.448623
0.007690 0.002203 0.460915
0.009578 0.002305 0.436332
0.011736 0.002698 0.430187
0.237165 0.035000 0.159783
0.287369 -0.007569 -0.030727
0.288141 -0.008191 -0.049164
0.257564 -0.004111 -0.036874
0.263896 -0.000333 0.012292
0.292046 -0.003921 -0.030728
0.232397 -0.004594 -0.012291
0.005338 0.000700 -0.018437
0.001367 -0.000359 -0.208948
0.001415 -0.000070 -0.282694
0.000000 0.000000 -0.276549
0.213020 -0.025615 -0.122910
0.285944 -0.002089 -0.024582
0.286759 -0.004240 -0.018437
0.287786 0.000938 0.000000
0.289900 -0.007337 -0.049164
0.291261 -0.004180 -0.030728
0.123033 -0.000478 -0.043018
-0.001995 -0.000029 -0.221239
0.014039 -0.002795 -0.276549
0.009914 -0.001306 -0.264258
0.012718 -0.001522 -0.276548
0.003594 0.000250 -0.245821
0.010866 -0.001985 -0.276549
0.005005 -0.000979 -0.184366
0.268191 -0.012763 -0.061455
0.292783 -0.006559 -0.043018
0.286119 -0.006431 -0.049165
0.289115 -0.000840 -0.018436
0.260664 -0.005174 -0.049165
0.238877 -0.005088 -0.049164
0.003578 -0.000463 0.055310
0.000526 0.001312 0.368732
0.177817 0.036359 0.251966
0.088192 -0.004020 -0.079892
-0.000854 0.001126 -0.135201
0.003998 -0.001004 -0.264258
0.179419 -0.008648 -0.055310
0.289656 -0.003519 -0.018436
0.292878 -0.001292 -0.018437
0.291189 -0.002909 -0.024582
0.292283 -0.003925 -0.036873
0.289467 -0.004203 -0.030727
0.293392 -0.001193 -0.012292
0.292913 -0.003396 -0.024582
0.215641 -0.001816 -0.006145
-0.014765 0.000052 0.006145
0.000886 0.000466 0.208948
0.182589 0.012091 0.073746
0.288702 -0.004282 -0.030727
0.293430 -0.024098 -0.141347
0.289659 -0.004584 -0.043019
0.288152 -0.003700 -0.024582
0.290186 -0.005605 -0.043019
0.264032 -0.005739 -0.073746
0.210070 -0.036267 -0.147493
0.292119 0.007116 0.036874
0.260249 0.009340 0.110619
0.263752 0.042034 0.208948
0.292449 -0.005296 -0.018437
0.291708 -0.003419 -0.086037
0.289705 -0.010087 -0.043019
0.261849 -0.002567 -0.018437
0.293717 0.000767 0.006146
0.277597 -0.000875 -0.012291
0.248322 -0.002725 -0.024582
0.296857 0.002428 0.000000
0.291357 0.003779 0.000000
0.159330 -0.000358 -0.006145
0.002750 -0.000654 -0.079892
-0.001395 0.000213 -0.294985
0.002196 -0.000399 -0.251967
-0.004076 0.000604 -0.215094
0.000000 0.000000 -0.208947
0.015088 -0.002519 -0.184366
0.298696 -0.008075 -0.049164
0.293811 -0.001982 -0.030728
0.212843 -0.001955 -0.043018
-0.002831 -0.000999 -0.043019
-0.000000 0.000000 -0.233530
0.000816 0.000577 -0.264258
0.095563 -0.011525 -0.141347
0.300362 0.006044 0.012292
0.266813 0.003413 0.024581
0.265411 0.007391 0.030728
0.296423 0.003052 0.012291
0.296510 -0.005589 -0.049164
0.294519 0.004256 0.012291
0.079881 0.000480 0.018437
0.006965 0.001228 0.251966
0.000651 -0.000761 0.485496
0.001950 0.000441 0.424042
-0.001179 -0.000777 0.467060
-0.001405 -0.000166 0.442478
0.002689 0.001331 0.442478
0.006982 0.001124 0.467060
0.010680 0.003722 0.301131
0.286674 -0.003570 -0.024582
0.289249 -0.004167 -0.036873
0.422070 -0.060286 -0.325713
0.292813 -0.029096 -0.141347
0.291343 0.000736 -0.012291
0.295720 -0.003782 -0.036873
0.262189 -0.004275 -0.043019
0.293081 -0.003103 -0.012291
0.259857 0.000414 -0.018437
0.152836 0.000812 -0.006145
-0.001990 0.000186 -0.172075
0.008130 -0.001364 -0.264258
0.002223 -0.000271 -0.239675
-0.001938 0.001121 -0.270403
-0.002823 -0.000188 -0.264258
0.204273 -0.032821 -0.184366
-0.014556 -0.000135 -0.024582
0.304624 -0.005944 -0.061455
0.291597 0.003961 0.000000
0.296409 -0.003030 -0.030728
0.292328 -0.000387 -0.012291
0.121058 -0.000913 -0.086037
0.002050 0.000890 -0.239676
-0.000979 -0.000184 -0.264258
0.002667 -0.000934 -0.270403
0.000754 0.000662 -0.227384
0.004644 -0.002107 -0.288840
0.285904 -0.024146 -0.116765
0.288075 0.005959 0.030727
0.268262 0.004207 0.006146
0.296637 0.000352 -0.018437
0.266354 -0.004398 -0.043018
0.292819 -0.003213 -0.036873
0.263889 -0.002052 -0.024582
0.282433 -0.000035 -0.024582
0.290232 -0.004002 -0.036873
0.261900 0.003679 0.018436
0.260639 0.006991 0.049164
0.292029 0.001944 0.000000
0.265178 -0.002412 -0.036873
0.290250 -0.002215 -0.006145
0.239485 0.004389 0.036873
0.003105 0.000597 0.147492
0.002886 -0.000827 0.454769
-0.001413 -0.000072 0.467060
-0.004089 -0.000514 0.454770
0.008136 0.001316 0.442478
0.006837 0.001804 0.436332
0.001391 -0.000251 0.467060
0.008633 0.003236 0.479351
0.011428 0.002334 0.442477
0.001411 0.000003 0.442478
0.001280 -0.000602 0.454769
0.059931 0.014618 0.239676
0.302101 0.000025 0.006145
0.298244 -0.003605 -0.061455
0.291449 -0.013626 -0.055310
0.292529 -0.002821 -0.018436
0.262269 0.000078 0.000000
0.263458 0.000840 0.018436
0.289312 0.005155 0.024582
0.257787 -0.003850 -0.061455
0.258032 -0.020765 -0.104474
0.288078 -0.002588 -0.012291
0.259759 -0.013734 -0.086037
0.289008 -0.002290 -0.018437
0.287246 -0.009000 -0.061455
0.292811 -0.009948 -0.135202
0.288934 -0.019086 -0.067600
0.290285 -0.005567 -0.030728
0.289976 -0.002019 -0.006146
0.292514 0.001663 0.018437
0.293203 0.000683 0.000000
0.292847 -0.001525 -0.018437
0.293772 -0.002133 -0.012291
0.293783 0.001480 0.012291
0.285553 0.003555 0.018437
0.296665 -0.000327 -0.006146
0.181187 -0.001863 -0.012291
0.000000 0.000000 0.036874
0.004799 0.001407 0.424041
-0.002118 -0.000713 0.442478
0.002768 0.000573 0.473205
0.001740 0.000988 0.399459
0.001987 0.000233 0.463373
0.001281 0.000604 0.374877
0.003480 0.000927 0.405605
0.134202 0.022823 0.178220
0.258115 -0.000287 -0.024582
0.263213 -0.000748 -0.018437
0.292547 0.000869 -0.006145
0.292227 0.003617 -0.006146
0.261517 -0.000567 -0.012291
0.288474 -0.004951 -0.049164
0.290245 -0.000794 0.000000
0.292472 -0.000976 -0.024582
0.289936 -0.005739 -0.049164
0.292441 -0.005816 -0.049164
0.288857 -0.003666 -0.030728
0.286386 -0.004386 -0.043019
0.291490 -0.001818 -0.030727
0.288612 -0.004575 -0.036874
0.290009 -0.004128 -0.036873
0.287985 0.001083 -0.006145
0.291023 -0.002412 -0.024582
0.288323 -0.002864 -0.030728
0.288488 -0.006048 -0.055310
0.288552 -0.001401 -0.018436
0.288622 0.001090 0.006145
0.287821 0.002835 -0.012291
0.213036 -0.000815 -0.012291
0.000000 0.000000 0.036873
0.007047 0.001516 0.381023
-0.000909 -0.000405 0.411750
0.000000 0.000000 0.442478
0.002655 0.000970 0.319567
0.266825 -0.003827 -0.018437
0.286229 -0.004324 -0.030727
0.257385 0.001455 0.006145
0.289173 0.001513 0.018437
0.289505 0.002575 -0.006146
0.287099 -0.002881 -0.030727
0.288729 -0.004553 -0.018437
0.289391 0.001549 0.012291
0.289325 0.005805 0.018437
0.288317 -0.003876 -0.030728
0.303754 -0.006097 -0.030727
0.292204 0.004437 0.018436
0.293025 -0.001564 -0.012291
0.297796 -0.001593 -0.012291
0.275026 -0.003464 -0.030728
0.283918 0.007317 0.024582
0.256220 -0.000389 -0.012291
-0.006391 -0.000355 0.061456
0.000629 0.000777 0.442478
-0.002236 0.000035 0.448623
0.000000 0.000000 0.387168
0.016197 0.005255 0.307276
0.272481 0.017417 0.049164
0.261252 -0.002844 -0.049164
0.286520 -0.028181 -0.116765
0.257074 0.004001 0.018437
0.258764 -0.001859 -0.006146
0.287624 0.003239 0.006146
0.288731 -0.000477 0.006145
0.290988 0.001039 0.012291
0.285584 -0.017090 -0.178220
0.305257 -0.005907 -0.018437
0.282162 -0.003093 -0.018436
0.287058 -0.004311 -0.024582
0.278704 0.006057 0.067600
0.286572 0.029872 0.122911
0.285849 -0.005262 -0.049164
0.290040 -0.028161 -0.153638
0.294720 0.001208 0.006145
0.290422 0.002136 0.012291
0.289871 -0.000137 0.006146
0.286541 0.000521 0.000000
0.287844 0.001072 0.018437
0.292550 -0.000833 -0.018437
0.288983 0.003854 0.030727
0.289576 0.001258 -0.030727
0.255827 -0.032291 -0.245821
0.257240 -0.009646 -0.036873
0.287568 -0.000343 -0.012291
0.265367 0.002258 0.006145
0.261297 0.000026 0.000000
0.287764 0.003417 0.024582
0.259358 0.002908 0.012291
0.290199 -0.025708 -0.147492
0.288984 0.003197 0.018436
0.289014 0.000871 0.012291
0.287120 0.003354 0.018437
0.271300 0.002668 0.018437
0.299085 -0.006914 -0.073747
0.293925 0.007061 0.043019
0.291263 0.006485 0.043019
0.286149 -0.007697 -0.098329
0.287818 -0.023523 -0.104474
0.286396 0.001263 0.006146
0.291743 -0.002833 -0.018437
0.287203 0.005926 0.036873
0.289445 0.002612 0.018437
0.288988 0.002259 0.000000
0.292795 0.004614 0.030728
0.429449 -0.011175 -0.165930
0.259175 -0.020399 -0.110619
0.260929 -0.000826 -0.006146
0.289656 0.003602 0.030728
0.256988 0.020947 0.159784
0.260778 0.001608 0.006145
0.269457 -0.010844 -0.073746
0.254026 0.000449 -0.012291
0.262707 0.001519 -0.012291
0.295892 -0.000356 -0.006146
0.286321 -0.021634 -0.122910
0.309213 0.003079 0.012291
0.291783 0.000168 0.006145
0.286532 0.003899 0.024582
0.234621 0.003346 0.012291
-0.004423 0.000647 -0.165929
0.001350 -0.000419 -0.276548
0.002105 -0.000761 -0.264258
0.009769 -0.001250 -0.264258
0.004117 -0.000154 -0.276549
0.007994 -0.001035 -0.264258
0.037227 -0.007713 -0.245820
0.299815 -0.009033 -0.049165
0.292127 -0.002624 -0.024582
0.289013 0.000145 -0.012291
0.291220 0.000375 -0.006145
0.106505 -0.000114 -0.006146
0.000000 0.000000 0.000000
0.000000 0.000000 0.000000
0.000000 0.000000 0.000000
0.000000 0.000000 0.000000
0.000000 0.000000 0.000000
0.000000 0.000000 0.000000
0.000000 0.000000 0.000000
