% Columns are: x(m) y(m) z(m) yaw(rad) pitch(rad) roll(rad)
% File generated with MRPT MRPT 0.9.0 at 2010/06/01,21:36:12.121363
%-----------------------------------------------------------------
0.0000000000000000 0.0000000000000000 0.0000000000000000 0.0000000000000000 0.0000000000000000 0.0000000000000000
0.0000000000000000 0.0000000000000000 0.0000000000000000 0.0000000000000000 0.0000000000000000 0.0000000000000000
0.0000000000000000 0.0000000000000000 0.0000000000000000 0.0000000000000000 0.0000000000000000 0.0000000000000000
0.0000000000000000 0.0000000000000000 0.0000000000000000 0.0000000000000000 0.0000000000000000 0.0000000000000000
0.0000000000000000 0.0000000000000000 0.0000000000000000 0.0000000000000000 0.0000000000000000 0.0000000000000000
0.1997259069356636 0.0104671915395987 0.0000000000000000 0.0580549365155654 -0.0036379388782595 0.0053404365316765
0.3985064881031993 0.0325050740054292 0.0007824877756196 0.1129498016355779 -0.0439803332222883 -0.0276104224506173
0.5956011499080015 0.0653923337067120 0.0092749807777384 0.1671799287526214 -0.0358292359224595 -0.1822068766488272
0.7907701348704661 0.1087675531159449 0.0145340348677976 0.2194411308626272 -0.0305822823041080 -0.1446850046762358
0.9834056194613114 0.1623438762408638 0.0191326952014717 0.2734651076380112 -0.0307752559358572 -0.1104446561433461
1.1728433592293952 0.2262846124029425 0.0241251906307320 0.3281163803083222 -0.0424259551761641 -0.1262514913332042
1.3584505653836350 0.3004383865383323 0.0312794065273323 0.3769644393458060 -0.0337720477710031 0.0039545801114715
1.5401928473085198 0.3836471809876576 0.0380646469081617 0.4307467637475146 -0.0163033431750650 -0.0015237130081411
1.7172801827097888 0.4765426993666194 0.0413047557925149 0.4827879035189850 0.0079643233569602 0.0522980693532809
1.8893237308331208 0.5785227396669570 0.0402612379554437 0.5270802829797550 -0.0349247007733346 0.0928947657409656
2.0565657308701462 0.6879165302155244 0.0482055449127396 0.5811758523765134 -0.0205468055223301 0.1095464672036850
2.2177331706408197 0.8062276436702260 0.0534530958534220 0.6317742586697670 -0.0359949969542339 0.1456842747655216
2.3726434379759760 0.9324299125038600 0.0621592095325332 0.6916362973801373 -0.0221414054463063 0.1733420346835448
2.5198286142627273 1.0676990944719735 0.0683859495395853 0.7480106956185528 -0.0440705533688104 0.1703172135725772
2.6590203422079361 1.2109258525416240 0.0789575456577117 0.8053602015297319 -0.0490748005453292 0.0215776161510339
2.7896805417819937 1.3620134061430611 0.0889806885779900 0.8537589779711032 -0.0701785175322058 -0.0355221427626131
2.9127406340566506 1.5190813018651010 0.1026148303846215 0.9051743214212777 -0.0817055568540330 0.0330868984003319
3.0274238596155447 1.6820864530155686 0.1192605047122368 0.9593050555337488 -0.0151389154685750 0.0123991505585255
3.1335002644926204 1.8516088796352397 0.1224137889260232 1.0081899149233911 -0.0120377654488562 0.0305672925811082
3.2311731063648321 2.0261155997612184 0.1251378651876728 1.0617471135693970 0.0229985710283946 0.1200402560909484
3.3194230165810290 2.2055614094867466 0.1217979971090413 1.1115661252667630 0.0281007428612865 0.1476999983327025
3.3986568244361970 2.3891517771697308 0.1177260704401348 1.1692167789378578 0.0387353600434728 0.0954476634524815
3.4670901534687197 2.5769588128764989 0.1109883544648701 1.2158771964422765 -0.0000075571241442 0.0670585062418372
3.5267050476858968 2.7678660424996595 0.1116912520994071 1.2621052150133680 -0.0039629699025396 -0.0065302442399058
3.5774115400933542 2.9613300667442330 0.1124144054908582 1.3202289685057256 0.0175437456266838 -0.0563397157060463
3.6167998891907640 3.1573703806550286 0.1083213287584554 1.3760990931365402 0.0279644669119818 -0.1208765867080999
3.6452243298655254 3.3552217925138117 0.1014751621074601 1.4292157260528064 0.0227874204178091 -0.2832723094403544
3.6634410718754515 3.5542500942627657 0.0939995073889035 1.4741470318515191 0.0578561173469963 -0.3260989309975164
3.6727941553063359 3.7534751300530198 0.0791030331514556 1.5190142124149828 0.0829127698611010 -0.3252288256625593
3.6731767325158891 3.9524848821519614 0.0592291255287332 1.5610905729689462 0.1187708681893915 -0.3148951708231880
3.6651457689709974 4.1505068634082596 0.0323442122152974 1.6132606388482174 0.1424094617721021 -0.3734999931773206
3.6470391801131710 4.3470774170020174 0.0002168267042216 1.6782444431878369 0.1174830866695094 -0.3977368867614928
3.6162244151086798 4.5427753253965735 -0.0272199899426508 1.7130342185425649 0.1642876921982839 -0.3576348330121277
3.5786718125666570 4.7358389685826712 -0.0634998979087966 1.7666896861216621 0.1769103110222021 -0.2664655599372621
3.5305931092142733 4.9262460256923521 -0.1013626881755500 1.8129994984253592 0.1948631722732395 -0.2232402199744064
3.4737951369373898 5.1135888783835926 -0.1423095548535082 1.8682646768504227 0.2384365909594179 -0.2488715023618506
3.4073908283206893 5.2955851387204778 -0.1919868033735972 1.9089610255405951 0.3081990182119432 -0.3240231848583242
3.3352274285183574 5.4708762616867537 -0.2557478097818300 1.9576303032844589 0.3492657669647881 -0.2141180359317634
3.2552431451717423 5.6401129369262852 -0.3261854571829013 2.0172905927231568 0.3745042547799606 -0.1769346357415107
3.1659752027160883 5.8027157938263763 -0.4009620937591913 2.0706769282878827 0.3817365459568065 -0.1176461375065783
3.0682298154394658 5.9600017085557591 -0.4765066520932268 2.1185175965462690 0.4389372656835144 -0.2491812171389802
2.9659945374893000 6.1081279152744719 -0.5637223320227979 2.1642523193344854 0.4816279356289606 -0.2814498199712574
2.8594249648666992 6.2481280747295305 -0.6588163988387383 2.2424558850926850 0.4267766048246751 -0.2879374332131759
2.7391956266970774 6.3832396822717019 -0.7441964887348324 2.3138300255030142 0.3662700369995786 -0.2072909116050710
2.6060172856669914 6.5130678697602864 -0.8177367580700955 2.3670057576358658 0.3514638253240214 -0.2121090264674326
2.4653825783592445 6.6363769541430582 -0.8885657691400445 2.4248080811258745 0.3506557701156758 -0.1892046970144463
2.3177238223187682 6.7514101679235186 -0.9590232136857982 2.4776550333152052 0.3941719786597959 -0.2526437762813987
2.1670337753665865 6.8564465848418319 -1.0381424962312782 2.5417021377344007 0.3686813174346044 -0.0719258663181415
2.0075878625948174 6.9528551698228789 -1.1108225185367899 2.5921843436296204 0.3629614851333520 0.1154865435956887
1.8425575862189874 7.0417101175080994 -1.1806065149197278 2.6436117357780473 0.3540455187591478 0.1480279279320875
1.6725563772207095 7.1223531160634677 -1.2484025009596309 2.7090993355050959 0.4092690327011583 0.2476019667649858
1.5010164848271574 7.1903660518580281 -1.3255277619459873 2.7554210274879889 0.3690741635404811 0.2762672364161833
1.3237105529113697 7.2515854520157612 -1.3949164609668032 2.8033838103770368 0.3412349714673932 0.3227592861797946
1.1418206636310508 7.3050374671277458 -1.4586263523343257 2.8603415409740158 0.3410534496229909 0.2813746396854064
0.9572688893718232 7.3478893875185669 -1.5226915967074635 2.9136904504134344 0.3038896531308546 0.2895300731958912
0.7684846655582160 7.3813766192838290 -1.5796048829224900 2.9858240140339340 0.3544724127382950 0.1891715210608118
0.5811737738953811 7.4003856227165281 -1.6470829360432591 3.0304379532635188 0.3115629602863348 0.1578186175677439
0.3905889484642825 7.4112564022465390 -1.7067423901792766 3.0893691337138245 0.3273135138825518 0.2652290758199927
0.2003162350936459 7.4110871864731651 -1.7683562353165314 -3.1331355887481300 0.3322330377393117 0.2575522765852232
0.0107348710728194 7.3993615390777316 -1.8309774426600574 -3.0778842637503532 0.3197047753566933 0.2920096726885557
-0.1787928433799079 7.3772262072730896 -1.8908879804662218 -3.0320300937683702 0.2943773665956733 0.3413807289126902
-0.3687132817066797 7.3464117154365063 -1.9454837147191837 -2.9710631996474834 0.3043108710871807 0.3781436393575630
-0.5559889081748918 7.3042916140290872 -2.0016418556104871 -2.9337026402070450 0.2422129581731167 0.3926325286495942
-0.7446538057772292 7.2546115989566013 -2.0456583583690793 -2.8936098119553990 0.1926431291067887 0.4892386739401555
-0.9333336083073186 7.1973080911761009 -2.0790685381539391 -2.8405096564243699 0.1809575203036253 0.3930194050145137
-1.1187821332466483 7.1295974217182039 -2.1110702543483901 -2.8265573546353640 0.0801302320814687 0.5124689360758152
-1.3056332767353802 7.0591100433335594 -2.1219413014650774 -2.7937554685346018 0.0283253888089217 0.5831619795908525
-1.4904979546797383 6.9827880949083108 -2.1218362438504119 -2.7457276708278298 0.0107957978189663 0.6430286594767165
-1.6715993937351339 6.8980219711172062 -2.1177164101770729 -2.7049021393835759 -0.0180953643346573 0.5935077608241546
-1.8487867455547278 6.8057451112303768 -2.1082494420992792 -2.6358745192550561 -0.0118961851512882 0.6111386063133337
-2.0192845912201447 6.7015326654776510 -2.0998678686379999 -2.5927175279242496 -0.0415448674818126 0.7467853002262643
-2.1852664774542716 6.5910207814024995 -2.0844686179964373 -2.5377783963214147 -0.0552007760220308 0.7686119430598750
-2.3448227768850218 6.4718257108758026 -2.0661841307435616 -2.4839660499276754 -0.0631184438791257 0.7850817562801655
-2.4976852601650443 6.3444139128790535 -2.0462017651003146 -2.4503572638938746 -0.1075492282225845 0.9073784820082143
-2.6458855923904614 6.2134244864780843 -2.0165634166405724 -2.4238054413513113 -0.1529231732971801 0.9242160235038934
-2.7894697880047770 6.0796807668072272 -1.9778827209592238 -2.4224415539407476 -0.2140197698320567 1.0256338361269695
-2.9313025706427540 5.9482822853178483 -1.9267172948254194 -2.3794659677633776 -0.2504848932474006 1.1669507870052671
-3.0667035929536199 5.8133548777914239 -1.8678856889033415 -2.3753837120799011 -0.3053417799021729 1.0920292059187240
-3.1986022471854763 5.6797313059576071 -1.7989836855783448 -2.3500692352376804 -0.3535839516466144 1.0893398817129718
-3.3245732687205973 5.5453104078428650 -1.7211227590270624 -2.3334272062849348 -0.4053037153776846 1.0880169619507853
-3.4453319943114340 5.4118898160596753 -1.6338514814960188 -2.3281104977251736 -0.4614124801220441 1.1092901205051025
-3.5619361961437024 5.2817602567989450 -1.5365388002994365 -2.3290910602172126 -0.5153099842158033 1.0770673486513527
-3.6747235034978774 5.1554738085640421 -1.4300927750471606 -2.2150202093395905 -0.5229723426247599 0.9784033750538992
-3.7713639576046214 5.0170825277562301 -1.3228152097018582 -2.1214897261362728 -0.5280096889430848 0.8108767380995445
-3.8534979837534777 4.8695473487830014 -1.2156360479496018 -2.0910880246510195 -0.5751149169702310 0.9073221681143160
-3.9289922735921587 4.7248160372548824 -1.1000788774014103 -2.0369091356074787 -0.6056728697678473 0.8491428031312349
-3.9945981462641802 4.5790225932577560 -0.9799117389716410 -2.0616013299254896 -0.6935956484811570 0.8718460539195130
-4.0586315658694758 4.4449160267473831 -0.8460642511638712 -2.0690869500289946 -0.7704824396462673 0.6872206772259979
-4.1178092068403114 4.3192205958436816 -0.7021939433896134 -2.0388967466533936 -0.8237185465337520 0.7324743829598557
-4.1697794994742647 4.1991779204449520 -0.5509033463035535 -2.0111131102824809 -0.8816130573132766 0.7502958878137385
-4.2146392108030630 4.0860045020658928 -0.3922232162560416 -1.9359323569654816 -0.9133909724402858 0.6621211382665635
-4.2486887241514166 3.9738151243536501 -0.2301918175418415 -1.8740818045394039 -0.9614123947358753 0.6225352333084850
-4.2732197267294101 3.8669535521363811 -0.0629230688295616 -1.7596489938491082 -0.9642371132237098 0.4955632733602613
-4.2847814788962690 3.7574134796741765 0.1040119437106696 -1.7496529455196566 -1.0621966415025534 0.4582772499752146
-4.2921270717430513 3.6640175608987522 0.2807129471651594 -1.6013454697628915 -1.0292632744229331 0.2981256191984913
-4.2851903048830700 3.5634445911680879 0.4534467279524886 -1.5069425095837048 -1.0365522256420325 0.1315539514528505
-4.2684206811266412 3.4637947327195517 0.6260407180861389 -1.4015511926873054 -1.0487639125508870 -0.0886171086109719
-4.2412331845488760 3.3665904371430520 0.7987027143427282 -1.2736954345563998 -1.0834382072465485 -0.1708153226363365
-4.2035290611595446 3.2786742063967447 0.9743419339117189 -1.1687570310113127 -1.0691661549792491 -0.2392442840762232
-4.1557400591328459 3.1922703119175764 1.1482688677205024 -1.0846998436039539 -1.0161920382303045 -0.2463940276877095
-4.0966145020154752 3.1021000354356438 1.3167131900787592 -0.9887444339296776 -1.0045652416321467 -0.3227231609863153
-4.0278808866163125 3.0157156684679047 1.4834867828857232 -0.9019398225222788 -0.9873659933289387 -0.3345955294452967
-3.9501190346315695 2.9332761079499514 1.6482800267930802 -0.7787671723694731 -1.0073228219008117 -0.4050554909288993
-3.8649478906268140 2.8627427592284742 1.8149261276987290 -0.7311941176446819 -0.9306854211369320 -0.5101494056079901
-3.7669976862248729 2.7871457605333441 1.9720593553939127 -0.6300756957007820 -0.9205080390028937 -0.5746051107708334
-3.6604632662611940 2.7203318755738866 2.1275788787330319 -0.5235612097301146 -0.9245478639270863 -0.6230386669902113
-3.5478277659381177 2.6651227018291017 2.2833517621286616 -0.4558580129394843 -0.8867645557176500 -0.7238688761675793
-3.4262279946735026 2.6142367276677949 2.4337649040480036 -0.4457892360078630 -0.8163907761863993 -0.7224848631903842
-3.2948761307403132 2.5601699365945794 2.5745607489594291 -0.4251316053531711 -0.7588585175715013 -0.6828722930213300
-3.1553618840323066 2.5059195209099889 2.7071981017811231 -0.3727612345831775 -0.7215728774822541 -0.5832986355470125
-3.0089833222297071 2.4580598384612373 2.8348020493709498 -0.3383295368593484 -0.6667545418497252 -0.5974226684188233
-2.8546223084632971 2.4129208371553301 2.9536933778609265 -0.2982664678898166 -0.6188671706016349 -0.6728390047034587
-2.6930985856981819 2.3718263810413815 3.0642435142733118 -0.2823906950307040 -0.5502608195970882 -0.7276270642952958
-2.5239233777861241 2.3308799130052078 3.1627480105324906 -0.2314770928347354 -0.5199818339090725 -0.7210220167662715
-2.3500730457378567 2.2979807262378311 3.2559880532006082 -0.1923710068773499 -0.4796633546897455 -0.5871949174660625
-2.1718617874831114 2.2721464736024060 3.3430129853869053 -0.1640494884530797 -0.4276061070099257 -0.5559026548104722
-1.9888471452335674 2.2508628354251035 3.4208117480262246 -0.1129071838828302 -0.4046234808409395 -0.5481434170079078
-1.8032778365244850 2.2388121653250357 3.4944243353695086 -0.0762251870431303 -0.3488786772050343 -0.4904036732782307
-1.6137456068139917 2.2335974374645051 3.5580666209531469 -0.0317333160201891 -0.3238936189515957 -0.5276465658803349
-1.4225366890804847 2.2365758573563945 3.6166352029244435 0.0340485697926707 -0.3257936832253408 -0.4243556321116411
-1.2323727901097039 2.2525974971828324 3.6764766483072431 0.0789331142715164 -0.2894645071159596 -0.4822729511115189
-1.0409019319188020 2.2770446534554494 3.7288335677527353 0.1054926014594910 -0.2370203839967164 -0.4681521914780635
-0.8477199479962636 2.3068930376962844 3.7711395371419791 0.1542518292134720 -0.2099756660684267 -0.5594356795438222
-0.6549190404168215 2.3458491875321794 3.8073366147381984 0.2258167744453203 -0.2140947728550784 -0.6047555202023895
-0.4654036632029739 2.3982225704509461 3.8439556065476035 0.2623702305904092 -0.1690733946330147 -0.5802225740660583
-0.2766012444400565 2.4579918965602880 3.8719068914144410 0.3291883235159672 -0.1814277908301634 -0.6308863122064783
-0.0923798852724651 2.5298571764509479 3.9018714099769412 0.3845382743374937 -0.1612292514677383 -0.4860195907213587
0.0876149487922009 2.6126825219386940 3.9291078167676479 0.4413930095750751 -0.1547936916462200 -0.4063350230786949
0.2625086706242336 2.7059510072565014 3.9558131666111063 0.5005073239893703 -0.1659913694484607 -0.5302760346477875
0.4317618924102411 2.8088181361730289 3.9835926681100009 0.5555197297520511 -0.1522249774898019 -0.4306003595378254
0.5950385858897049 2.9213633221649400 4.0095600029069987 0.5961388698903507 -0.1253108287684688 -0.5040354640538980
0.7543946062463536 3.0405597411271179 4.0295067440614902 0.6563327098880607 -0.1166396069559519 -0.4936608365458683
0.9063820690916180 3.1692621117713355 4.0478237014621552 0.6848616986055998 -0.0554393472093668 -0.4723236115974694
1.0551415447075336 3.3027940350918961 4.0541359014581761 0.7321993453534517 -0.0310526828867785 -0.5598413155757185
1.1978064621412332 3.4429593132284029 4.0547809894764706 0.7847564400878673 -0.0056992944799017 -0.5860972340440527
1.3329834482200531 3.5902873455591515 4.0501298257300000 0.8348217222858505 0.0232046939275787 -0.5277812540520643
1.4602408303973424 3.7442596332183786 4.0402256188274972 0.8682178425112541 0.0655929826646693 -0.6389954006477625
1.5823471108161544 3.9014753493263177 4.0209052955654405 0.8980741332296436 0.1132260262599631 -0.6573303525285335
1.6990718442672668 4.0612844370912295 3.9919848517840353 0.9509656001233084 0.1308144708581005 -0.7079386641546108
1.8071123559123423 4.2263642580013192 3.9591839284469845 1.0305842223505879 0.1214959760130343 -0.6757114172176850
1.9016655081841631 4.3999065356142504 3.9284792174667733 1.0620084071483449 0.1600225905158510 -0.7071628067801412
1.9902356202302576 4.5750355401836433 3.8899413528311197 1.1540975177309800 0.1381700360375318 -0.6748280131199786
2.0624649381693452 4.7584146674991050 3.8559557485982410 1.2414925301862691 0.1191569976875200 -0.6125098122945043
2.1182596866101626 4.9481613650167287 3.8262381304638544 1.2852618959969559 0.1481374143531280 -0.5721199040835212
2.1652207668650454 5.1393779506554571 3.7911543120006166 1.3373989031179141 0.1683729398188736 -0.4825480056996550
2.2015521149247648 5.3322933178473617 3.7528960547301122 1.3828833970976557 0.1976839952703142 -0.5047962900922305
2.2289499481163291 5.5254166911169005 3.7087064469766844 1.4362600310736600 0.2064559919859890 -0.4916674007059054
2.2458906243866226 5.7193685074856306 3.6629275608524523 1.4656743960220844 0.2794155389033945 -0.5239885952673893
2.2568704334604059 5.9098031829774849 3.6028103572995982 1.4801066207816804 0.3532705998312826 -0.5327729135582393
2.2646956916389218 6.0954099569076146 3.5287233084604832 1.5315202438564608 0.3712734879428341 -0.6269558242823474
2.2634463333589387 6.2794908366699742 3.4505397500239177 1.5265287279321686 0.4603049069600269 -0.6400667611636997
2.2628549539679699 6.4558505737101459 3.3562164049733019 1.6081564935119239 0.4455691899331997 -0.5501885540979687
2.2472950731085009 6.6332603571748496 3.2652017971422169 1.6740116552265283 0.4526099807619612 -0.4920676284687584
2.2198354984506770 6.8088181010890905 3.1734115454193175 1.7409589794994265 0.4523389964752420 -0.4081525332595573
2.1802538516153231 6.9824459878098679 3.0823805057313178 1.7831901380404664 0.4939576385069620 -0.4584698069312836
2.1344719519661495 7.1502201757539590 2.9836088522865474 1.8256745751514858 0.5433092773216988 -0.4621344505922118
2.0829084991137088 7.3109658933467072 2.8763613599824076 1.8663231633964994 0.6091287014854432 -0.5685681031114180
2.0277025051741497 7.4620156972997709 2.7574653762029442 1.9305565519704979 0.6253997393830533 -0.4979341192533493
1.9631202129730341 7.6075963523159027 2.6364885171797257 1.9849755343610180 0.6552100311951250 -0.5431464962924775
1.8925107522948885 7.7459488398891887 2.5105008461756739 2.0413452444579772 0.6879316806805220 -0.6652661329135436
1.8170745285811329 7.8760896989348108 2.3786951825694551 2.1170323224795364 0.7051368727674436 -0.6040890801163701
1.7327052500381113 7.9982855617723247 2.2447175876383412 2.1339812770696192 0.7836972532098190 -0.5683883313009490
1.6518425971246198 8.1098321551768908 2.0997396966906918 2.1824393667651645 0.8308402680596303 -0.4741726111410674
1.5689180429373435 8.2118472729425029 1.9490199764809264 2.2042621501403055 0.9149141100359497 -0.4375862125312282
1.4912561701954063 8.3015740735689754 1.7880301172613084 2.2982430682261494 0.9118249161239076 -0.3326012226833464
1.4043431471709447 8.3843146657334433 1.6280297396460583 2.3924314830812001 0.9068558849302679 -0.1685939956839953
1.3082049511989382 8.4596344675727835 1.4696492650725475 2.4811524250152752 0.8950884059447573 -0.1202088551316498
1.2039525488524518 8.5274602118430440 1.3130251768256509 2.5663812769568395 0.8893287915249548 -0.1740603872347823
1.0939579138462547 8.5864886095428208 1.1567663257648217 2.6406526929166949 0.9281136162247190 -0.2592087535124548
0.9859859377269100 8.6340710400854199 0.9952795935651073 2.7264654957651153 0.9256371203226124 -0.1447792011151128
0.8730131498314401 8.6725436653789973 0.8347896988734316 2.7955673537234631 0.9771560289258314 -0.0453804797188466
0.7647359223936487 8.7004656929873470 0.6689693069048217 2.8902283615210029 0.9355149027443055 0.0561662365080724
0.6468848650163707 8.7199395694237687 0.5085576601593421 2.9801295208236747 0.9590158948682284 0.1346463498997728
0.5308662936796982 8.7283276538799868 0.3458636801104393 3.0702883471860503 0.9678792193518992 0.1622017229504524
0.4157752499216291 8.7261919612942016 0.1823109654773362 -3.1399284338901219 0.9145134514118229 0.2453667742649461
0.2919099185821375 8.7158321265983254 0.0256263985371551 -3.0567765055260114 0.8951958116975884 0.2691229186091269
0.1661479961318422 8.6950130104542129 -0.1284855843343395 -2.9964284849424594 0.8411763436660027 0.2503790616303316
0.0339677152570117 8.6654406419809309 -0.2756380507449686 -2.9392838800572085 0.7816689105175803 0.2711179045654419
-0.1048026215330145 8.6266819839731586 -0.4143483966338724 -2.8683504886267635 0.7442155398392933 0.2930788755262976
-0.2455424945934542 8.5768324377358383 -0.5474172166890025 -2.8211759847607092 0.6899797329095305 0.3549652133337475
-0.3908494193287234 8.5182710963986956 -0.6717412567004717 -2.7381532752235276 0.7015591206370253 0.3646495204661493
-0.5295362085919406 8.4484395942685602 -0.7977949587250809 -2.6514215823566589 0.7314787802856069 0.4425356320562139
-0.6588570076399222 8.3687117139166620 -0.9278703062286917 -2.5706868938953815 0.7339356085859752 0.4896043344879679
-0.7814251353054998 8.2790141141106961 -1.0579909989320568 -2.5311696299272470 0.6764480959065589 0.4549819370564951
-0.9060146771378447 8.1803830582305714 -1.1794379457112090 -2.4143023531138392 0.7331755516199174 0.6948078989857138
-1.0148757696616961 8.0727270656261627 -1.3081214714278799 -2.3651378898179720 0.6948726640222858 0.7296230241114956
-1.1220429347952583 7.9565227913331915 -1.4306439810058338 -2.2882809812120342 0.6866461917646038 0.8223286886492298
-1.2214311021451025 7.8317937341689303 -1.5513280913507905 -2.2681783551362256 0.6336848947495981 0.8565853873845057
-1.3225469711897140 7.7004289553150977 -1.6632158739905258 -2.2306394590771026 0.5960262174932325 0.8962471808718426
-1.4215151969132953 7.5622040602506786 -1.7685684661824435 -2.2057432892434576 0.5447477278335589 0.7518003738918115
-1.5188743322417639 7.4171611209969024 -1.8659529851817096 -2.1750179284609441 0.4939340006094581 0.6714644510900607
-1.6137905865898281 7.2652470069862485 -1.9549080672450285 -2.1125885591655154 0.4763746967014746 0.7390336203119627
-1.7003554541633408 7.1064173581507539 -2.0402290280505291 -2.0696347895505331 0.4405942937545295 0.7313320493022881
-1.7813653994606480 6.9414349394193229 -2.1190845305373824 -2.0465055576580817 0.3946267651852033 0.8480149285225576
-1.8610306143519397 6.7716776051077741 -2.1886251732131674 -1.9593010975761251 0.3958015704409004 0.7607241534982574
-1.9248757807892134 6.5956794865307149 -2.2589704429896931 -1.9361948858630711 0.3389212738023519 0.7214026177492703
-1.9856629192668047 6.4147957403443421 -2.3188536139251901 -1.9166840839297841 0.2851398754115055 0.6064305524673865
-2.0431198232457422 6.2299908447442087 -2.3693100778062322 -1.8816566413267917 0.2458088149182713 0.5224792369914759
-2.0941280224402408 6.0415688107683057 -2.4128451295153761 -1.8466007471082595 0.2076834918407053 0.5038831614576522
-2.1388127589773887 5.8500220616867855 -2.4490820890581824 -1.8056852757424995 0.1890858414967269 0.5643121474346136
-2.1761109049227030 5.6561609218302715 -2.4811243543116772 -1.7646360289257563 0.1562801160150102 0.5414285383454400
-2.2054744831152711 5.4600121930011074 -2.5068820027763965 -1.7416522686082188 0.0890960806249113 0.5337070710593528
-2.2304986451576445 5.2619759473227203 -2.5193494288013034 -1.7110369506117995 0.0566803853801554 0.5482755103625836
-2.2495697172441824 5.0629737719204373 -2.5252170002434746 -1.6555873035401221 0.0462962713469839 0.6019131826671753
-2.2578928652444246 4.8631746635321793 -2.5285398746953867 -1.6411685966414780 -0.0105375040256468 0.6262075821662836
-2.2634709949581224 4.6634223004124005 -2.5203010703548814 -1.6039956507141273 -0.0447371557049392 0.5166835196800488
-2.2609904195927246 4.4639352111940065 -2.5062032697807148 -1.5235405182316391 -0.0285202857441580 0.3905469631985041
-2.2418967103473380 4.2650841260511987 -2.4965246229341496 -1.4743826643719662 -0.0348824363257294 0.4999921589481953
-2.2135555636289772 4.0674651898033964 -2.4845439952804926 -1.4367471111436267 -0.0705600091056349 0.6845569253850892
-2.1789551777606944 3.8715697642261633 -2.4638607765831861 -1.4245629564603606 -0.1370449644139140 0.6214575043616195
-2.1418274295182740 3.6778919026597325 -2.4305378678040590 -1.3783389443235290 -0.1797891201490760 0.5611501479679339
-2.0957334769151599 3.4876860934343243 -2.3893420224998358 -1.3247169419309477 -0.1964520840050170 0.6115501248185873
-2.0399892436166107 3.3009282727424427 -2.3444633319621668 -1.2814070069825358 -0.2191460800131098 0.5278081486724355
-1.9760175045326747 3.1177643292582911 -2.2958980521224359 -1.2462030185878239 -0.2631301116546756 0.6011370187049443
-1.9068223085998328 2.9391959169754793 -2.2382322304027076 -1.2034065957794311 -0.3052125855153758 0.5791188629426398
-1.8308425680198257 2.7661659570978205 -2.1727516072678394 -1.1513411617337956 -0.3197113362589690 0.4494922380038964
-1.7455954184507798 2.5981425694954674 -2.1056616325400004 -1.0936645796035269 -0.3195619925704492 0.4118466689196265
-1.6506020000740831 2.4352793418019201 -2.0389396756566054 -1.0603908016675065 -0.3700716530990298 0.2760952716864695
-1.5513521395130467 2.2786274083224871 -1.9640421662469452 -1.0130333404182474 -0.3992733290706667 0.2834723023309533
-1.4460302975390342 2.1287851338848713 -1.8837016260784638 -0.9594054049522924 -0.4223204017871645 0.2674075331197088
-1.3338430945264366 1.9863315354262647 -1.7993155859627892 -0.9262367182570443 -0.5004380618949735 0.3073898357997331
-1.2214924964465435 1.8534647871432273 -1.7007064063100696 -0.8702676528126050 -0.5180318697779049 0.3494027745189734
-1.1032621948947212 1.7285039368789150 -1.5986947319968552 -0.8186952414317452 -0.5512856051286992 0.3109392725733442
-0.9808977769657240 1.6122935518507890 -1.4913537070506007 -0.7488745160727617 -0.5327469765804906 0.1398195446564041
-0.8483670555195593 1.5032578119913678 -1.3886560181463818 -0.6905144838729749 -0.5453096586516608 0.1213434613182050
-0.7106145368687921 1.4029242099657491 -1.2839783609795594 -0.6308939701272989 -0.5395254062775781 0.1522289781274409
-0.5668006039321585 1.3106828670997930 -1.1800116001394594 -0.5675437723230914 -0.5233332893408527 0.1949675222878349
-0.4162621591949961 1.2268914246235527 -1.0784381251380237 -0.4965442161024711 -0.4875769112352031 0.1898483878148842
-0.2570363223675384 1.1523100803330284 -0.9831241389113733 -0.4289076223391630 -0.4603328271582461 0.1045763904980457
-0.0904209462963816 1.0875638023819558 -0.8934177514679506 -0.3653236012683232 -0.4287941835921454 -0.0381540877960260
0.0831280445523514 1.0323811244234136 -0.8107399441148875 -0.3066591655537798 -0.4645542063078940 -0.0810365209002590
0.2568683414716175 0.9883100216703289 -0.7220153864742190 -0.2573500668812359 -0.4461836671496320 -0.1285924465267372
0.4343099624400829 0.9523441292019321 -0.6370393561654595 -0.1967976738060093 -0.4161147963835457 -0.2643517569491909
0.6165260203232227 0.9263166496541181 -0.5588097034887640 -0.1574400598903658 -0.3527070730655080 -0.4092020898924083
0.8045653422719260 0.9061879320270679 -0.4937247733761612 -0.1499374089915473 -0.2437146806825181 -0.2457394726456172
0.9983385388460671 0.8871823178956798 -0.4480002184747945 -0.1135469065362869 -0.2039872265238727 -0.3054561301230483
1.1944286075689619 0.8748680767705559 -0.4106231611566649 -0.0757567560377206 -0.1523443795681212 -0.2960943308806900
1.3924949695004418 0.8698749337664437 -0.3833324155793005 -0.0373648088978071 -0.0921734923254220 -0.2111872315844017
1.5918183733454350 0.8726655727331708 -0.3671338658354764 0.0146785652659847 -0.0625776008365055 -0.2982166621038771
1.7911773250273724 0.8855983547117319 -0.3577130625483891 0.0745535697805981 -0.0610606991851563 -0.3230492857614133
1.9894401426343991 0.9103603937662497 -0.3488419534640993 0.1186216601183543 -0.0378613391453992 -0.3877258977238052
2.1866223565741851 0.9436196075113558 -0.3452365121787883 0.1609609725369712 -0.0008737163413315 -0.4973481789397103
2.3822964729151570 0.9847099226380082 -0.3500558686682206 0.2214708874496925 -0.0023405328551553 -0.5998835577826092
2.5752592904804601 1.0370142108642060 -0.3554976028045336 0.2539932407086454 0.0396254535811176 -0.6814858431923407
2.7661301213447058 1.0949629271505814 -0.3699983685068571 0.3014563989328347 0.0650014891035844 -0.8268832577456347
