% Columns are: x(m) y(m) z(m) yaw(rad) pitch(rad) roll(rad)
% File generated with mrpt-math at Sat Oct 19 15:57:43 2019

%------------------------------------
0.0000000000000000 0.0000000000000000 0.0000000000000000 0.0000000000000000 0.0000000000000000 0.0000000000000000
0.0000000000000000 0.0000000000000000 0.0000000000000000 0.0000000000000000 -0.0000000000000000 0.0000000000000000
0.0000000000000000 0.0000000000000000 0.0000000000000000 0.0000000000000000 -0.0000000000000000 0.0000000000000000
0.0000000000000000 0.0000000000000000 0.0000000000000000 0.0000000000000000 -0.0000000000000000 0.0000000000000000
0.0000000000000000 0.0000000000000000 0.0000000000000000 0.0000000000000000 -0.0000000000000000 0.0000000000000000
0.2000000029802322 0.0000000000000000 0.0000000000000000 0.0000000000000000 -0.0000000000000000 0.0000000000000000
0.4000000059604645 0.0000000000000000 0.0000000000000000 0.0000000000000000 -0.0000000000000000 0.0000000000000000
0.6000000089406967 0.0000000000000000 0.0000000000000000 0.0000000000000000 -0.0000000000000000 0.0000000000000000
0.8000000119209290 0.0000000000000000 0.0000000000000000 0.0000000000000000 -0.0000000000000000 0.0000000000000000
1.0000000149011612 0.0000000000000000 0.0000000000000000 0.0000000000000000 -0.0000000000000000 0.0000000000000000
1.2000000178813934 0.0000000000000000 0.0000000000000000 0.0000000000000000 -0.0000000000000000 0.0000000000000000
1.4000000208616257 0.0000000000000000 0.0000000000000000 0.0000000000000000 -0.0000000000000000 0.0000000000000000
1.6000000238418579 0.0000000000000000 0.0000000000000000 0.0000000000000000 -0.0000000000000000 0.0000000000000000
1.8000000268220901 0.0000000000000000 0.0000000000000000 0.0000000000000000 -0.0000000000000000 0.0000000000000000
2.0000000298023224 0.0000000000000000 0.0000000000000000 0.0000000000000000 -0.0000000000000000 0.0000000000000000
2.2000000327825546 0.0000000000000000 0.0000000000000000 0.0000000000000000 -0.0000000000000000 0.0000000000000000
2.4000000357627869 0.0000000000000000 0.0000000000000000 0.0000000000000000 -0.0000000000000000 0.0000000000000000
2.6000000387430191 0.0000000000000000 0.0000000000000000 0.0000000000000000 -0.0000000000000000 0.0000000000000000
2.8000000417232513 0.0000000000000000 0.0000000000000000 0.0000000000000000 -0.0000000000000000 0.0000000000000000
3.0000000447034836 0.0000000000000000 0.0000000000000000 0.0000000000000000 -0.0000000000000000 0.0000000000000000
3.2000000476837158 0.0000000000000000 0.0000000000000000 0.0000000000000000 -0.0000000000000000 0.0000000000000000
3.4000000506639481 0.0000000000000000 0.0000000000000000 0.0000000000000000 -0.0000000000000000 0.0000000000000000
3.6000000536441803 0.0000000000000000 0.0000000000000000 0.0000000000000000 -0.0000000000000000 0.0000000000000000
3.8000000566244125 0.0000000000000000 0.0000000000000000 0.0000000000000000 -0.0000000000000000 0.0000000000000000
4.0000000596046448 0.0000000000000000 0.0000000000000000 0.0000000000000000 -0.0000000000000000 0.0000000000000000
4.2000000625848770 0.0000000000000000 0.0000000000000000 0.0000000000000000 -0.0000000000000000 0.0000000000000000
4.4000000655651093 0.0000000000000000 0.0000000000000000 0.0000000000000000 -0.0000000000000000 0.0000000000000000
4.6000000685453415 0.0000000000000000 0.0000000000000000 0.0000000000000000 -0.0000000000000000 0.0000000000000000
4.8000000715255737 0.0000000000000000 0.0000000000000000 0.0000000000000000 -0.0000000000000000 0.0000000000000000
5.0000000745058060 0.0000000000000000 0.0000000000000000 0.0000000000000000 -0.0000000000000000 0.0000000000000000
5.2000000774860382 0.0000000000000000 0.0000000000000000 0.0000000000000000 -0.0000000000000000 0.0000000000000000
5.4000000804662704 0.0000000000000000 0.0000000000000000 0.0000000000000000 -0.0000000000000000 0.0000000000000000
5.6000000834465027 0.0000000000000000 0.0000000000000000 0.0000000000000000 -0.0000000000000000 0.0000000000000000
5.8000000864267349 0.0000000000000000 0.0000000000000000 0.0000000000000000 -0.0000000000000000 0.0000000000000000
6.0000000894069672 0.0000000000000000 0.0000000000000000 0.0000000000000000 -0.0000000000000000 0.0000000000000000
6.2000000923871994 0.0000000000000000 0.0000000000000000 0.0000000000000000 -0.0000000000000000 0.0000000000000000
6.4000000953674316 0.0000000000000000 0.0000000000000000 0.0000000000000000 -0.0000000000000000 0.0000000000000000
6.6000000983476639 0.0000000000000000 0.0000000000000000 0.0000000000000000 -0.0000000000000000 0.0000000000000000
6.8000001013278961 0.0000000000000000 0.0000000000000000 0.0000000000000000 -0.0000000000000000 0.0000000000000000
7.0000001043081284 0.0000000000000000 0.0000000000000000 0.0000000000000000 -0.0000000000000000 0.0000000000000000
7.2000001072883606 0.0000000000000000 0.0000000000000000 0.0000000000000000 -0.0000000000000000 0.0000000000000000
7.4000001102685928 0.0000000000000000 0.0000000000000000 0.0000000000000000 -0.0000000000000000 0.0000000000000000
7.6000001132488251 0.0000000000000000 0.0000000000000000 0.0000000000000000 -0.0000000000000000 0.0000000000000000
7.8000001162290573 0.0000000000000000 0.0000000000000000 0.0000000000000000 -0.0000000000000000 0.0000000000000000
8.0000001192092896 0.0000000000000000 0.0000000000000000 0.0000000000000000 -0.0000000000000000 0.0000000000000000
8.2000001221895218 0.0000000000000000 0.0000000000000000 0.0000000000000000 -0.0000000000000000 0.0000000000000000
8.4000001251697540 0.0000000000000000 0.0000000000000000 0.0000000000000000 -0.0000000000000000 0.0000000000000000
8.4000001251697540 0.0000000000000000 0.0000000000000000 0.3926990926265717 -0.0000000000000000 0.0000000000000000
8.4000001251697540 0.0000000000000000 0.0000000000000000 0.7853981852531433 -0.0000000000000000 0.0000000000000000
8.4000001251697540 0.0000000000000000 0.0000000000000000 1.1780972778797150 -0.0000000000000000 0.0000000000000000
8.4000001251697540 0.0000000000000000 0.0000000000000000 1.5707963705062866 -0.0000000000000000 0.0000000000000000
8.4000001164274760 0.2000000029802320 0.0000000000000000 1.5707963705062866 -0.0000000000000000 0.0000000000000000
8.4000001076851980 0.4000000059604640 0.0000000000000000 1.5707963705062866 -0.0000000000000000 0.0000000000000000
8.4000000989429200 0.6000000089406959 0.0000000000000000 1.5707963705062866 -0.0000000000000000 0.0000000000000000
8.4000000902006420 0.8000000119209280 0.0000000000000000 1.5707963705062866 -0.0000000000000000 0.0000000000000000
8.4000000814583640 1.0000000149011599 0.0000000000000000 1.5707963705062866 -0.0000000000000000 0.0000000000000000
8.4000000727160860 1.2000000178813919 0.0000000000000000 1.5707963705062866 -0.0000000000000000 0.0000000000000000
8.4000000639738079 1.4000000208616239 0.0000000000000000 1.5707963705062866 -0.0000000000000000 0.0000000000000000
8.4000000552315299 1.6000000238418559 0.0000000000000000 1.5707963705062866 -0.0000000000000000 0.0000000000000000
8.4000000464892519 1.8000000268220879 0.0000000000000000 1.5707963705062866 -0.0000000000000000 0.0000000000000000
8.4000000377469739 2.0000000298023197 0.0000000000000000 1.5707963705062866 -0.0000000000000000 0.0000000000000000
8.4000000290046959 2.2000000327825515 0.0000000000000000 1.5707963705062866 -0.0000000000000000 0.0000000000000000
8.4000000202624179 2.4000000357627833 0.0000000000000000 1.5707963705062866 -0.0000000000000000 0.0000000000000000
8.4000000115201399 2.6000000387430151 0.0000000000000000 1.5707963705062866 -0.0000000000000000 0.0000000000000000
8.4000000027778619 2.8000000417232469 0.0000000000000000 1.5707963705062866 -0.0000000000000000 0.0000000000000000
8.3999999940355838 3.0000000447034787 0.0000000000000000 1.5707963705062866 -0.0000000000000000 0.0000000000000000
8.3999999852933058 3.2000000476837105 0.0000000000000000 1.5707963705062866 -0.0000000000000000 0.0000000000000000
8.3999999765510278 3.4000000506639423 0.0000000000000000 1.5707963705062866 -0.0000000000000000 0.0000000000000000
8.3999999678087498 3.6000000536441741 0.0000000000000000 1.5707963705062866 -0.0000000000000000 0.0000000000000000
8.3999999590664718 3.8000000566244059 0.0000000000000000 1.5707963705062866 -0.0000000000000000 0.0000000000000000
8.3999999503241938 4.0000000596046377 0.0000000000000000 1.5707963705062866 -0.0000000000000000 0.0000000000000000
8.3999999415819158 4.2000000625848699 0.0000000000000000 1.5707963705062866 -0.0000000000000000 0.0000000000000000
8.3999999328396378 4.4000000655651021 0.0000000000000000 1.5707963705062866 -0.0000000000000000 0.0000000000000000
8.3999999240973597 4.6000000685453344 0.0000000000000000 1.5707963705062866 -0.0000000000000000 0.0000000000000000
8.3999999153550817 4.8000000715255666 0.0000000000000000 1.5707963705062866 -0.0000000000000000 0.0000000000000000
8.3999999066128037 5.0000000745057989 0.0000000000000000 1.5707963705062866 -0.0000000000000000 0.0000000000000000
8.3999998978705257 5.2000000774860311 0.0000000000000000 1.5707963705062866 -0.0000000000000000 0.0000000000000000
8.3999998891282477 5.4000000804662633 0.0000000000000000 1.5707963705062866 -0.0000000000000000 0.0000000000000000
8.3999998803859697 5.6000000834464956 0.0000000000000000 1.5707963705062866 -0.0000000000000000 0.0000000000000000
8.3999998716436917 5.8000000864267278 0.0000000000000000 1.5707963705062866 -0.0000000000000000 0.0000000000000000
8.3999998629014136 6.0000000894069601 0.0000000000000000 1.5707963705062866 -0.0000000000000000 0.0000000000000000
8.3999998541591356 6.2000000923871923 0.0000000000000000 1.5707963705062866 -0.0000000000000000 0.0000000000000000
8.3999998454168576 6.4000000953674245 0.0000000000000000 1.5707963705062866 -0.0000000000000000 0.0000000000000000
8.3999998366745796 6.6000000983476568 0.0000000000000000 1.5707963705062866 -0.0000000000000000 0.0000000000000000
8.3999998279323016 6.8000001013278890 0.0000000000000000 1.5707963705062866 -0.0000000000000000 0.0000000000000000
8.3999998191900236 7.0000001043081213 0.0000000000000000 1.5707963705062866 -0.0000000000000000 0.0000000000000000
8.3999998104477456 7.2000001072883535 0.0000000000000000 1.5707963705062866 -0.0000000000000000 0.0000000000000000
8.3999998017054676 7.4000001102685857 0.0000000000000000 1.5707963705062866 -0.0000000000000000 0.0000000000000000
8.3999997929631895 7.6000001132488180 0.0000000000000000 1.5707963705062866 -0.0000000000000000 0.0000000000000000
8.3999997842209115 7.8000001162290502 0.0000000000000000 1.5707963705062866 -0.0000000000000000 0.0000000000000000
8.3999997754786335 8.0000001192092824 0.0000000000000000 1.5707963705062866 -0.0000000000000000 0.0000000000000000
8.3999997667363555 8.2000001221895147 0.0000000000000000 1.5707963705062866 -0.0000000000000000 0.0000000000000000
8.3999997579940775 8.4000001251697469 0.0000000000000000 1.5707963705062866 -0.0000000000000000 0.0000000000000000
8.3999997492517995 8.6000001281499792 0.0000000000000000 1.5707963705062866 -0.0000000000000000 0.0000000000000000
8.3999997405095215 8.8000001311302114 0.0000000000000000 1.5707963705062866 -0.0000000000000000 0.0000000000000000
8.3999997317672435 9.0000001341104436 0.0000000000000000 1.5707963705062866 -0.0000000000000000 0.0000000000000000
8.3999997230249654 9.2000001370906759 0.0000000000000000 1.5707963705062866 -0.0000000000000000 0.0000000000000000
8.3999997230249654 9.2000001370906759 0.0000000000000000 1.9634954631328583 -0.0000000000000000 0.0000000000000000
8.3999997230249654 9.2000001370906759 0.0000000000000000 2.3561945557594299 -0.0000000000000000 0.0000000000000000
8.3999997230249654 9.2000001370906759 0.0000000000000000 2.7488936483860016 -0.0000000000000000 0.0000000000000000
8.3999997230249654 9.2000001370906759 0.0000000000000000 -3.1415925661670134 -0.0000000000000000 0.0000000000000000
8.1999997200447332 9.2000001196061199 0.0000000000000000 -3.1415925661670134 -0.0000000000000000 0.0000000000000000
7.9999997170645019 9.2000001021215638 0.0000000000000000 -3.1415925661670134 -0.0000000000000000 0.0000000000000000
7.7999997140842705 9.2000000846370078 0.0000000000000000 -3.1415925661670134 -0.0000000000000000 0.0000000000000000
7.5999997111040392 9.2000000671524518 0.0000000000000000 -3.1415925661670134 -0.0000000000000000 0.0000000000000000
7.3999997081238078 9.2000000496678958 0.0000000000000000 -3.1415925661670134 -0.0000000000000000 0.0000000000000000
7.1999997051435765 9.2000000321833397 0.0000000000000000 -3.1415925661670134 -0.0000000000000000 0.0000000000000000
6.9999997021633451 9.2000000146987837 0.0000000000000000 -3.1415925661670134 -0.0000000000000000 0.0000000000000000
6.7999996991831138 9.1999999972142277 0.0000000000000000 -3.1415925661670134 -0.0000000000000000 0.0000000000000000
6.5999996962028824 9.1999999797296717 0.0000000000000000 -3.1415925661670134 -0.0000000000000000 0.0000000000000000
6.3999996932226511 9.1999999622451156 0.0000000000000000 -3.1415925661670134 -0.0000000000000000 0.0000000000000000
6.1999996902424197 9.1999999447605596 0.0000000000000000 -3.1415925661670134 -0.0000000000000000 0.0000000000000000
5.9999996872621884 9.1999999272760036 0.0000000000000000 -3.1415925661670134 -0.0000000000000000 0.0000000000000000
5.7999996842819570 9.1999999097914475 0.0000000000000000 -3.1415925661670134 -0.0000000000000000 0.0000000000000000
5.5999996813017257 9.1999998923068915 0.0000000000000000 -3.1415925661670134 -0.0000000000000000 0.0000000000000000
5.3999996783214943 9.1999998748223355 0.0000000000000000 -3.1415925661670134 -0.0000000000000000 0.0000000000000000
5.1999996753412630 9.1999998573377795 0.0000000000000000 -3.1415925661670134 -0.0000000000000000 0.0000000000000000
4.9999996723610316 9.1999998398532234 0.0000000000000000 -3.1415925661670134 -0.0000000000000000 0.0000000000000000
4.7999996693808002 9.1999998223686674 0.0000000000000000 -3.1415925661670134 -0.0000000000000000 0.0000000000000000
4.5999996664005689 9.1999998048841114 0.0000000000000000 -3.1415925661670134 -0.0000000000000000 0.0000000000000000
4.3999996634203375 9.1999997873995554 0.0000000000000000 -3.1415925661670134 -0.0000000000000000 0.0000000000000000
4.1999996604401062 9.1999997699149993 0.0000000000000000 -3.1415925661670134 -0.0000000000000000 0.0000000000000000
3.9999996574598748 9.1999997524304433 0.0000000000000000 -3.1415925661670134 -0.0000000000000000 0.0000000000000000
3.7999996544796435 9.1999997349458873 0.0000000000000000 -3.1415925661670134 -0.0000000000000000 0.0000000000000000
3.5999996514994121 9.1999997174613313 0.0000000000000000 -3.1415925661670134 -0.0000000000000000 0.0000000000000000
3.3999996485191808 9.1999996999767752 0.0000000000000000 -3.1415925661670134 -0.0000000000000000 0.0000000000000000
3.1999996455389494 9.1999996824922192 0.0000000000000000 -3.1415925661670134 -0.0000000000000000 0.0000000000000000
2.9999996425587181 9.1999996650076632 0.0000000000000000 -3.1415925661670134 -0.0000000000000000 0.0000000000000000
2.7999996395784867 9.1999996475231072 0.0000000000000000 -3.1415925661670134 -0.0000000000000000 0.0000000000000000
2.5999996365982554 9.1999996300385511 0.0000000000000000 -3.1415925661670134 -0.0000000000000000 0.0000000000000000
2.3999996336180240 9.1999996125539951 0.0000000000000000 -3.1415925661670134 -0.0000000000000000 0.0000000000000000
2.1999996306377927 9.1999995950694391 0.0000000000000000 -3.1415925661670134 -0.0000000000000000 0.0000000000000000
1.9999996276575613 9.1999995775848831 0.0000000000000000 -3.1415925661670134 -0.0000000000000000 0.0000000000000000
1.7999996246773300 9.1999995601003270 0.0000000000000000 -3.1415925661670134 -0.0000000000000000 0.0000000000000000
1.5999996216970986 9.1999995426157710 0.0000000000000000 -3.1415925661670134 -0.0000000000000000 0.0000000000000000
1.3999996187168673 9.1999995251312150 0.0000000000000000 -3.1415925661670134 -0.0000000000000000 0.0000000000000000
1.1999996157366359 9.1999995076466590 0.0000000000000000 -3.1415925661670134 -0.0000000000000000 0.0000000000000000
0.9999996127564045 9.1999994901621029 0.0000000000000000 -3.1415925661670134 -0.0000000000000000 0.0000000000000000
0.7999996097761730 9.1999994726775469 0.0000000000000000 -3.1415925661670134 -0.0000000000000000 0.0000000000000000
0.5999996067959416 9.1999994551929909 0.0000000000000000 -3.1415925661670134 -0.0000000000000000 0.0000000000000000
0.3999996038157101 9.1999994377084349 0.0000000000000000 -3.1415925661670134 -0.0000000000000000 0.0000000000000000
0.1999996008354787 9.1999994202238788 0.0000000000000000 -3.1415925661670134 -0.0000000000000000 0.0000000000000000
-0.0000004021447527 9.1999994027393228 0.0000000000000000 -3.1415925661670134 -0.0000000000000000 0.0000000000000000
-0.2000004051249841 9.1999993852547668 0.0000000000000000 -3.1415925661670134 -0.0000000000000000 0.0000000000000000
-0.4000004081052155 9.1999993677702108 0.0000000000000000 -3.1415925661670134 -0.0000000000000000 0.0000000000000000
-0.6000004110854470 9.1999993502856547 0.0000000000000000 -3.1415925661670134 -0.0000000000000000 0.0000000000000000
-0.8000004140656785 9.1999993328010987 0.0000000000000000 -3.1415925661670134 -0.0000000000000000 0.0000000000000000
-0.8000004140656785 9.1999993328010987 0.0000000000000000 -2.7488934735404418 -0.0000000000000000 0.0000000000000000
-0.8000004140656785 9.1999993328010987 0.0000000000000000 -2.3561943809138701 -0.0000000000000000 0.0000000000000000
-0.8000004140656785 9.1999993328010987 0.0000000000000000 -1.9634952882872985 -0.0000000000000000 0.0000000000000000
-0.8000004140656785 9.1999993328010987 0.0000000000000000 -1.5707961956607268 -0.0000000000000000 0.0000000000000000
-0.8000003878388441 8.9999993298208683 0.0000000000000000 -1.5707961956607268 -0.0000000000000000 0.0000000000000000
-0.8000003616120097 8.7999993268406378 0.0000000000000000 -1.5707961956607268 -0.0000000000000000 0.0000000000000000
-0.8000003353851753 8.5999993238604073 0.0000000000000000 -1.5707961956607268 -0.0000000000000000 0.0000000000000000
-0.8000003091583410 8.3999993208801769 0.0000000000000000 -1.5707961956607268 -0.0000000000000000 0.0000000000000000
-0.8000002829315066 8.1999993178999464 0.0000000000000000 -1.5707961956607268 -0.0000000000000000 0.0000000000000000
-0.8000002567046722 7.9999993149197159 0.0000000000000000 -1.5707961956607268 -0.0000000000000000 0.0000000000000000
-0.8000002304778379 7.7999993119394855 0.0000000000000000 -1.5707961956607268 -0.0000000000000000 0.0000000000000000
-0.8000002042510035 7.5999993089592550 0.0000000000000000 -1.5707961956607268 -0.0000000000000000 0.0000000000000000
-0.8000001780241691 7.3999993059790246 0.0000000000000000 -1.5707961956607268 -0.0000000000000000 0.0000000000000000
-0.8000001517973347 7.1999993029987941 0.0000000000000000 -1.5707961956607268 -0.0000000000000000 0.0000000000000000
-0.8000001255705004 6.9999993000185636 0.0000000000000000 -1.5707961956607268 -0.0000000000000000 0.0000000000000000
-0.8000000993436660 6.7999992970383332 0.0000000000000000 -1.5707961956607268 -0.0000000000000000 0.0000000000000000
-0.8000000731168316 6.5999992940581027 0.0000000000000000 -1.5707961956607268 -0.0000000000000000 0.0000000000000000
-0.8000000468899973 6.3999992910778722 0.0000000000000000 -1.5707961956607268 -0.0000000000000000 0.0000000000000000
-0.8000000206631629 6.1999992880976418 0.0000000000000000 -1.5707961956607268 -0.0000000000000000 0.0000000000000000
-0.7999999944363285 5.9999992851174113 0.0000000000000000 -1.5707961956607268 -0.0000000000000000 0.0000000000000000
-0.7999999682094941 5.7999992821371809 0.0000000000000000 -1.5707961956607268 -0.0000000000000000 0.0000000000000000
-0.7999999419826598 5.5999992791569504 0.0000000000000000 -1.5707961956607268 -0.0000000000000000 0.0000000000000000
-0.7999999157558254 5.3999992761767199 0.0000000000000000 -1.5707961956607268 -0.0000000000000000 0.0000000000000000
-0.7999998895289910 5.1999992731964895 0.0000000000000000 -1.5707961956607268 -0.0000000000000000 0.0000000000000000
-0.7999998633021567 4.9999992702162590 0.0000000000000000 -1.5707961956607268 -0.0000000000000000 0.0000000000000000
-0.7999998370753223 4.7999992672360285 0.0000000000000000 -1.5707961956607268 -0.0000000000000000 0.0000000000000000
-0.7999998108484879 4.5999992642557981 0.0000000000000000 -1.5707961956607268 -0.0000000000000000 0.0000000000000000
-0.7999997846216536 4.3999992612755676 0.0000000000000000 -1.5707961956607268 -0.0000000000000000 0.0000000000000000
-0.7999997583948192 4.1999992582953372 0.0000000000000000 -1.5707961956607268 -0.0000000000000000 0.0000000000000000
-0.7999997321679848 3.9999992553151067 0.0000000000000000 -1.5707961956607268 -0.0000000000000000 0.0000000000000000
-0.7999997059411504 3.7999992523348762 0.0000000000000000 -1.5707961956607268 -0.0000000000000000 0.0000000000000000
-0.7999996797143161 3.5999992493546458 0.0000000000000000 -1.5707961956607268 -0.0000000000000000 0.0000000000000000
-0.7999996534874817 3.3999992463744153 0.0000000000000000 -1.5707961956607268 -0.0000000000000000 0.0000000000000000
-0.7999996272606473 3.1999992433941848 0.0000000000000000 -1.5707961956607268 -0.0000000000000000 0.0000000000000000
-0.7999996010338130 2.9999992404139544 0.0000000000000000 -1.5707961956607268 -0.0000000000000000 0.0000000000000000
-0.7999995748069786 2.7999992374337239 0.0000000000000000 -1.5707961956607268 -0.0000000000000000 0.0000000000000000
-0.7999995485801442 2.5999992344534935 0.0000000000000000 -1.5707961956607268 -0.0000000000000000 0.0000000000000000
-0.7999995223533098 2.3999992314732630 0.0000000000000000 -1.5707961956607268 -0.0000000000000000 0.0000000000000000
-0.7999994961264755 2.1999992284930325 0.0000000000000000 -1.5707961956607268 -0.0000000000000000 0.0000000000000000
-0.7999994698996411 1.9999992255128021 0.0000000000000000 -1.5707961956607268 -0.0000000000000000 0.0000000000000000
-0.7999994436728067 1.7999992225325716 0.0000000000000000 -1.5707961956607268 -0.0000000000000000 0.0000000000000000
-0.7999994174459724 1.5999992195523411 0.0000000000000000 -1.5707961956607268 -0.0000000000000000 0.0000000000000000
-0.7999993912191380 1.3999992165721107 0.0000000000000000 -1.5707961956607268 -0.0000000000000000 0.0000000000000000
-0.7999993649923036 1.1999992135918802 0.0000000000000000 -1.5707961956607268 -0.0000000000000000 0.0000000000000000
-0.7999993387654692 0.9999992106116498 0.0000000000000000 -1.5707961956607268 -0.0000000000000000 0.0000000000000000
-0.7999993125386349 0.7999992076314193 0.0000000000000000 -1.5707961956607268 -0.0000000000000000 0.0000000000000000
-0.7999992863118005 0.5999992046511888 0.0000000000000000 -1.5707961956607268 -0.0000000000000000 0.0000000000000000
-0.7999992600849661 0.3999992016709584 0.0000000000000000 -1.5707961956607268 -0.0000000000000000 0.0000000000000000
-0.7999992338581318 0.1999991986907280 0.0000000000000000 -1.5707961956607268 -0.0000000000000000 0.0000000000000000
-0.7999992076312974 -0.0000008042895024 0.0000000000000000 -1.5707961956607268 -0.0000000000000000 0.0000000000000000
-0.7999992076312974 -0.0000008042895024 0.0000000000000000 -1.1780971030341552 -0.0000000000000000 0.0000000000000000
-0.7999992076312974 -0.0000008042895024 0.0000000000000000 -0.7853980104075834 -0.0000000000000000 0.0000000000000000
-0.7999992076312974 -0.0000008042895024 0.0000000000000000 -0.3926989177810117 -0.0000000000000000 0.0000000000000000
-0.7999992076312974 -0.0000008042895024 0.0000000000000000 0.0000001748455599 -0.0000000000000000 0.0000000000000000
-0.5999992046510684 -0.0000007693203899 0.0000000000000000 0.0000001748455599 -0.0000000000000000 0.0000000000000000
-0.3999992016708394 -0.0000007343512774 0.0000000000000000 0.0000001748455599 -0.0000000000000000 0.0000000000000000
-0.1999991986906103 -0.0000006993821649 0.0000000000000000 0.0000001748455599 -0.0000000000000000 0.0000000000000000
0.0000008042896187 -0.0000006644130524 0.0000000000000000 0.0000001748455599 -0.0000000000000000 0.0000000000000000
0.2000008072698478 -0.0000006294439399 0.0000000000000000 0.0000001748455599 -0.0000000000000000 0.0000000000000000
0.4000008102500768 -0.0000005944748274 0.0000000000000000 0.0000001748455599 -0.0000000000000000 0.0000000000000000
0.6000008132303059 -0.0000005595057149 0.0000000000000000 0.0000001748455599 -0.0000000000000000 0.0000000000000000
0.8000008162105349 -0.0000005245366024 0.0000000000000000 0.0000001748455599 -0.0000000000000000 0.0000000000000000
1.0000008191907639 -0.0000004895674899 0.0000000000000000 0.0000001748455599 -0.0000000000000000 0.0000000000000000
1.2000008221709930 -0.0000004545983774 0.0000000000000000 0.0000001748455599 -0.0000000000000000 0.0000000000000000
1.4000008251512222 -0.0000004196292649 0.0000000000000000 0.0000001748455599 -0.0000000000000000 0.0000000000000000
1.6000008281314513 -0.0000003846601524 0.0000000000000000 0.0000001748455599 -0.0000000000000000 0.0000000000000000
1.8000008311116804 -0.0000003496910399 0.0000000000000000 0.0000001748455599 -0.0000000000000000 0.0000000000000000
2.0000008340919093 -0.0000003147219274 0.0000000000000000 0.0000001748455599 -0.0000000000000000 0.0000000000000000
2.2000008370721384 -0.0000002797528149 0.0000000000000000 0.0000001748455599 -0.0000000000000000 0.0000000000000000
2.4000008400523676 -0.0000002447837024 0.0000000000000000 0.0000001748455599 -0.0000000000000000 0.0000000000000000
2.6000008430325967 -0.0000002098145899 0.0000000000000000 0.0000001748455599 -0.0000000000000000 0.0000000000000000
2.8000008460128258 -0.0000001748454774 0.0000000000000000 0.0000001748455599 -0.0000000000000000 0.0000000000000000
3.0000008489930550 -0.0000001398763649 0.0000000000000000 0.0000001748455599 -0.0000000000000000 0.0000000000000000
3.2000008519732841 -0.0000001049072524 0.0000000000000000 0.0000001748455599 -0.0000000000000000 0.0000000000000000
3.4000008549535132 -0.0000000699381399 0.0000000000000000 0.0000001748455599 -0.0000000000000000 0.0000000000000000
3.6000008579337424 -0.0000000349690274 0.0000000000000000 0.0000001748455599 -0.0000000000000000 0.0000000000000000
3.8000008609139715 0.0000000000000850 0.0000000000000000 0.0000001748455599 -0.0000000000000000 0.0000000000000000
4.0000008638942006 0.0000000349691975 0.0000000000000000 0.0000001748455599 -0.0000000000000000 0.0000000000000000
4.2000008668744293 0.0000000699383100 0.0000000000000000 0.0000001748455599 -0.0000000000000000 0.0000000000000000
4.4000008698546580 0.0000001049074225 0.0000000000000000 0.0000001748455599 -0.0000000000000000 0.0000000000000000
4.6000008728348867 0.0000001398765350 0.0000000000000000 0.0000001748455599 -0.0000000000000000 0.0000000000000000
4.8000008758151154 0.0000001748456475 0.0000000000000000 0.0000001748455599 -0.0000000000000000 0.0000000000000000
5.0000008787953441 0.0000002098147600 0.0000000000000000 0.0000001748455599 -0.0000000000000000 0.0000000000000000
5.2000008817755727 0.0000002447838725 0.0000000000000000 0.0000001748455599 -0.0000000000000000 0.0000000000000000
5.4000008847558014 0.0000002797529850 0.0000000000000000 0.0000001748455599 -0.0000000000000000 0.0000000000000000
5.6000008877360301 0.0000003147220975 0.0000000000000000 0.0000001748455599 -0.0000000000000000 0.0000000000000000
5.8000008907162588 0.0000003496912100 0.0000000000000000 0.0000001748455599 -0.0000000000000000 0.0000000000000000
6.0000008936964875 0.0000003846603225 0.0000000000000000 0.0000001748455599 -0.0000000000000000 0.0000000000000000
6.2000008966767162 0.0000004196294350 0.0000000000000000 0.0000001748455599 -0.0000000000000000 0.0000000000000000
6.4000008996569449 0.0000004545985475 0.0000000000000000 0.0000001748455599 -0.0000000000000000 0.0000000000000000
6.6000009026371735 0.0000004895676600 0.0000000000000000 0.0000001748455599 -0.0000000000000000 0.0000000000000000
6.8000009056174022 0.0000005245367725 0.0000000000000000 0.0000001748455599 -0.0000000000000000 0.0000000000000000
7.0000009085976309 0.0000005595058850 0.0000000000000000 0.0000001748455599 -0.0000000000000000 0.0000000000000000
7.2000009115778596 0.0000005944749975 0.0000000000000000 0.0000001748455599 -0.0000000000000000 0.0000000000000000
7.4000009145580883 0.0000006294441100 0.0000000000000000 0.0000001748455599 -0.0000000000000000 0.0000000000000000
7.6000009175383170 0.0000006644132225 0.0000000000000000 0.0000001748455599 -0.0000000000000000 0.0000000000000000
7.8000009205185457 0.0000006993823350 0.0000000000000000 0.0000001748455599 -0.0000000000000000 0.0000000000000000
8.0000009234987743 0.0000007343514475 0.0000000000000000 0.0000001748455599 -0.0000000000000000 0.0000000000000000
8.2000009264790030 0.0000007693205600 0.0000000000000000 0.0000001748455599 -0.0000000000000000 0.0000000000000000
8.4000009294592317 0.0000008042896725 0.0000000000000000 0.0000001748455599 -0.0000000000000000 0.0000000000000000
8.4000009294592317 0.0000008042896725 0.0000000000000000 0.3926992674721315 -0.0000000000000000 0.0000000000000000
8.4000009294592317 0.0000008042896725 0.0000000000000000 0.7853983600987031 -0.0000000000000000 0.0000000000000000
8.4000009294592317 0.0000008042896725 0.0000000000000000 1.1780974527252748 -0.0000000000000000 0.0000000000000000
