  0.578229   7.694330   0.000000    5    0   0.000000 1 
  7.054158   0.402772   0.000000    5    0   0.000000 2 
  7.511504   7.787255   0.000000    5    0   0.000000 3 
  8.480444   3.346597   0.000000    5    0   0.000000 4 
  6.957276   3.163866   0.000000    5    0   0.000000 5 
 -1.760788   4.213979   0.000000    5    0   0.000000 6 
  1.490848   3.015263   0.000000    5    0   0.000000 7 
  1.186414   7.935746   0.000000    5    0   0.000000 8 
 -3.045154   0.671389   0.000000    5    0   0.000000 9 
  5.502438   2.970664   0.000000    5    0   0.000000 10 
 -1.080132   6.476880   0.000000    5    0   0.000000 11 
 -2.660376  -0.368224   0.000000    5    0   0.000000 12 
  4.509241   7.684953   0.000000    5    0   0.000000 13 
  0.764488   6.516014   0.000000    5    0   0.000000 14 
  7.591285   4.381272   0.000000    5    0   0.000000 15 
  1.723663   6.165353   0.000000    5    0   0.000000 16 
  1.167343   3.258149   0.000000    5    0   0.000000 17 
  1.980823   2.426830   0.000000    5    0   0.000000 18 
  0.699425   0.517693   0.000000    5    0   0.000000 19 
  8.255935   6.464642   0.000000    5    0   0.000000 20 
  2.939219   8.655067   0.000000    5    0   0.000000 21 
 -1.217496   3.462941   0.000000    5    0   0.000000 22 
  2.813285  -0.688766   0.000000    5    0   0.000000 23 
 10.237851   1.683918   0.000000    5    0   0.000000 24 
 10.294227   8.255681   0.000000    5    0   0.000000 25 
  4.188214  11.162400   0.000000    5    0   0.000000 26 
  5.983247   3.964021   0.000000    5    0   0.000000 27 
  0.840791  -1.265724   0.000000    5    0   0.000000 28 
  2.637219   4.459632   0.000000    5    0   0.000000 29 
 10.667179   9.994637   0.000000    5    0   0.000000 30 
  3.728548  -1.366066   0.000000    5    0   0.000000 31 
 -0.274625  11.783397   0.000000    5    0   0.000000 32 
  5.806312   3.552910   0.000000    5    0   0.000000 33 
  3.694274  -1.190570   0.000000    5    0   0.000000 34 
  5.648962   8.965926   0.000000    5    0   0.000000 35 
  2.934692   5.176020   0.000000    5    0   0.000000 36 
  0.865933  -2.853640   0.000000    5    0   0.000000 37 
  7.028352   3.255333   0.000000    5    0   0.000000 38 
 10.007309  10.040539   0.000000    5    0   0.000000 39 
  3.307967   4.656335   0.000000    5    0   0.000000 40 
  5.374985   1.024220   0.000000    5    0   0.000000 41 
  0.328235   6.373553   0.000000    5    0   0.000000 42 
  9.477479   4.950930   0.000000    5    0   0.000000 43 
  1.039463  -1.752075   0.000000    5    0   0.000000 44 
 -0.101338  10.366636   0.000000    5    0   0.000000 45 
  3.909059  -0.086656   0.000000    5    0   0.000000 46 
 -2.468600   0.184472   0.000000    5    0   0.000000 47 
 -1.438401  10.279902   0.000000    5    0   0.000000 48 
  7.574662  10.785852   0.000000    5    0   0.000000 49 
  3.632761  -2.758062   0.000000    5    0   0.000000 50 
  4.908563   1.648253   0.000000    5    0   0.000000 51 
  0.492691  -0.615605   0.000000    5    0   0.000000 52 
  7.128472   8.457550   0.000000    5    0   0.000000 53 
  4.186475   1.781496   0.000000    5    0   0.000000 54 
  4.870132  10.646541   0.000000    5    0   0.000000 55 
  1.809665   2.834259   0.000000    5    0   0.000000 56 
  9.466720   9.824592   0.000000    5    0   0.000000 57 
  2.287111   2.360964   0.000000    5    0   0.000000 58 
  0.876289   0.469522   0.000000    5    0   0.000000 59 
  4.786594   2.972785   0.000000    5    0   0.000000 60 
 11.925736   5.350786   0.000000    5    0   0.000000 61 
  6.208360   2.338723   0.000000    5    0   0.000000 62 
  5.490831  -2.135280   0.000000    5    0   0.000000 63 
 10.000818   7.375527   0.000000    5    0   0.000000 64 
  2.382021   1.388814   0.000000    5    0   0.000000 65 
  1.885844   0.612838   0.000000    5    0   0.000000 66 
  4.210051  10.102534   0.000000    5    0   0.000000 67 
  4.832700   6.999368   0.000000    5    0   0.000000 68 
 -1.905681   0.603713   0.000000    5    0   0.000000 69 
  3.363815   1.829709   0.000000    5    0   0.000000 70 
