1464602099.833205 0.000 0.000 0.000
1464602099.941193 0.000 0.000 0.000
1464602100.015823 0.000 0.000 0.000
1464602100.067436 0.000 0.000 0.000
1464602100.155840 0.000 0.000 0.000
1464602100.212648 0.000 0.000 0.000
1464602100.263821 0.000 0.000 0.000
1464602100.320195 0.000 0.000 0.000
1464602100.378291 0.000 0.000 0.000
1464602100.432471 0.000 0.000 0.000
1464602100.483234 0.000 0.000 0.000
1464602100.532438 0.000 0.000 0.000
1464602100.703571 0.000 0.000 0.000
1464602101.044229 0.000 0.000 0.000
1464602101.176330 0.000 0.000 0.000
1464602101.417753 0.000 0.000 0.000
1464602101.517243 0.000 0.000 0.000
1464602101.573906 0.000 0.000 0.000
1464602101.673597 0.000 0.000 0.000
1464602101.743880 0.000 0.000 0.000
1464602101.839657 0.000 0.000 0.000
1464602101.900295 0.000 0.000 -0.001
1464602101.958914 0.000 0.000 -0.005
1464602102.032764 0.000 0.000 -0.014
1464602102.085706 0.000 0.000 -0.022
1464602102.136548 0.000 0.000 -0.030
1464602102.188291 0.000 0.000 -0.038
1464602102.259493 0.000 0.000 -0.050
1464602102.310916 0.000 0.000 -0.058
1464602102.364869 0.000 0.000 -0.066
1464602102.417718 0.000 0.000 -0.075
1464602102.477771 0.000 0.000 -0.084
1464602102.532412 0.000 0.000 -0.093
1464602102.583428 0.000 0.000 -0.101
1464602102.636908 0.000 0.000 -0.109
1464602102.688286 0.000 0.000 -0.117
1464602102.739717 0.000 0.000 -0.125
1464602102.791342 0.000 0.000 -0.134
1464602102.858081 0.000 0.000 -0.144
1464602103.389941 0.000 0.000 -0.225
1464602103.496242 0.000 0.000 -0.253
1464602103.683709 0.000 0.000 -0.301
1464602103.822628 0.000 0.000 -0.337
1464602103.953581 0.000 0.000 -0.371
1464602104.134370 0.000 0.000 -0.418
1464602104.211782 0.000 0.000 -0.438
1464602104.591571 0.000 0.000 -0.535
1464602104.658223 0.000 0.000 -0.553
1464602104.759421 0.000 0.000 -0.579
1464602104.848205 0.000 0.000 -0.602
1464602104.927937 0.000 0.000 -0.622
1464602104.992610 0.000 0.000 -0.639
1464602105.053090 0.000 0.000 -0.655
1464602105.203678 0.000 0.000 -0.694
1464602105.555584 0.000 0.000 -0.784
1464602105.619685 0.000 0.000 -0.801
1464602105.683689 0.000 0.000 -0.818
1464602105.746655 0.000 0.000 -0.834
1464602105.798966 0.001 -0.001 -0.848
1464602105.848750 0.003 -0.004 -0.861
1464602105.904166 0.008 -0.009 -0.875
1464602105.954327 0.014 -0.016 -0.889
1464602106.017215 0.021 -0.026 -0.905
1464602106.074059 0.028 -0.034 -0.920
1464602106.151207 0.036 -0.045 -0.939
1464602106.202684 0.042 -0.054 -0.954
1464602106.253581 0.048 -0.062 -0.967
1464602106.306640 0.053 -0.070 -0.981
1464602106.669971 0.088 -0.127 -1.074
1464602106.883780 0.106 -0.163 -1.129
1464602106.982650 0.114 -0.180 -1.155
1464602107.373573 0.139 -0.244 -1.250
1464602107.454695 0.144 -0.261 -1.275
1464602107.578443 0.151 -0.284 -1.308
1464602107.634048 0.153 -0.295 -1.322
1464602107.705881 0.157 -0.308 -1.336
1464602107.783840 0.160 -0.322 -1.347
1464602107.834853 0.162 -0.332 -1.352
1464602107.885749 0.164 -0.341 -1.357
1464602107.934776 0.166 -0.351 -1.361
1464602107.987204 0.168 -0.360 -1.366
1464602108.047516 0.171 -0.372 -1.372
1464602108.096199 0.172 -0.381 -1.377
1464602108.147411 0.174 -0.390 -1.382
1464602108.205069 0.176 -0.401 -1.387
1464602108.256466 0.178 -0.411 -1.392
1464602108.306509 0.180 -0.420 -1.397
1464602108.368152 0.182 -0.432 -1.403
1464602108.431811 0.184 -0.444 -1.409
1464602108.482853 0.185 -0.453 -1.414
1464602108.536280 0.187 -0.464 -1.419
1464602108.603545 0.189 -0.477 -1.426
1464602108.663148 0.191 -0.494 -1.432
1464602108.723149 0.194 -0.513 -1.437
1464602108.779428 0.197 -0.534 -1.442
1464602109.016470 0.208 -0.629 -1.465
1464602109.277605 0.217 -0.726 -1.488
1464602109.423305 0.222 -0.789 -1.503
1464602109.607519 0.226 -0.858 -1.519
1464602109.813488 0.229 -0.942 -1.539
1464602109.945936 0.231 -0.995 -1.552
1464602110.064636 0.231 -1.042 -1.563
1464602110.330583 0.231 -1.145 -1.587
1464602110.481047 0.229 -1.207 -1.602
1464602110.584369 0.228 -1.248 -1.612
1464602110.675284 0.226 -1.284 -1.620
1464602110.737309 0.225 -1.309 -1.626
1464602110.789510 0.224 -1.332 -1.631
1464602110.849630 0.222 -1.361 -1.637
1464602110.908525 0.220 -1.393 -1.643
1464602110.965915 0.217 -1.427 -1.648
1464602111.015814 0.214 -1.460 -1.653
1464602111.085829 0.211 -1.504 -1.660
1464602111.543010 0.179 -1.789 -1.702
1464602111.633346 0.171 -1.845 -1.711
1464602111.686878 0.166 -1.881 -1.716
1464602111.747211 0.161 -1.919 -1.722
1464602111.803538 0.155 -1.955 -1.727
1464602111.855232 0.150 -1.989 -1.732
1464602111.906708 0.144 -2.021 -1.737
1464602111.957768 0.139 -2.053 -1.742
1464602112.018638 0.132 -2.092 -1.748
1464602112.093088 0.124 -2.138 -1.755
1464602112.142925 0.118 -2.170 -1.760
1464602112.191534 0.112 -2.201 -1.764
1464602112.553362 0.064 -2.422 -1.798
1464602112.724325 0.039 -2.528 -1.814
1464602112.802851 0.026 -2.577 -1.822
1464602112.853432 0.018 -2.610 -1.827
1464602112.905107 0.010 -2.642 -1.832
1464602112.970777 -0.001 -2.683 -1.838
1464602113.023376 -0.010 -2.715 -1.843
1464602113.073630 -0.019 -2.747 -1.848
1464602113.148182 -0.032 -2.791 -1.855
1464602113.211328 -0.044 -2.831 -1.861
1464602113.268381 -0.055 -2.867 -1.866
1464602113.319382 -0.064 -2.898 -1.871
1464602113.623415 -0.123 -3.080 -1.900
1464602113.727941 -0.145 -3.142 -1.909
1464602113.883240 -0.179 -3.236 -1.924
1464602113.939151 -0.192 -3.270 -1.930
1464602114.009749 -0.208 -3.313 -1.936
1464602114.066771 -0.221 -3.348 -1.942
1464602114.115709 -0.234 -3.381 -1.947
1464602114.169882 -0.250 -3.420 -1.952
1464602114.218034 -0.265 -3.458 -1.956
1464602114.271221 -0.283 -3.501 -1.962
1464602114.327598 -0.303 -3.550 -1.967
1464602114.374826 -0.320 -3.592 -1.972
1464602114.424341 -0.339 -3.634 -1.976
1464602114.518969 -0.373 -3.714 -1.985
1464602114.985228 -0.553 -4.098 -2.029
1464602115.046436 -0.578 -4.149 -2.035
1464602115.163139 -0.627 -4.245 -2.046
1464602115.470872 -0.758 -4.493 -2.055
1464602115.583537 -0.805 -4.585 -2.039
1464602115.697773 -0.852 -4.679 -2.022
1464602115.772752 -0.882 -4.742 -2.011
1464602115.829748 -0.904 -4.790 -2.003
1464602115.886278 -0.927 -4.840 -1.994
1464602115.952580 -0.952 -4.897 -1.985
1464602116.018853 -0.977 -4.954 -1.975
1464602116.070079 -0.995 -4.998 -1.967
1464602116.121510 -1.014 -5.042 -1.960
1464602116.189813 -1.037 -5.100 -1.950
1464602116.241673 -1.055 -5.145 -1.942
1464602116.300950 -1.075 -5.198 -1.933
1464602116.509048 -1.139 -5.373 -1.904
1464602116.817046 -1.229 -5.639 -1.895
1464602116.936858 -1.265 -5.744 -1.892
1464602117.002980 -1.284 -5.802 -1.890
1464602117.055413 -1.299 -5.849 -1.888
1464602117.127191 -1.320 -5.913 -1.886
1464602117.202203 -1.342 -5.979 -1.884
1464602117.274190 -1.362 -6.043 -1.882
1464602117.342587 -1.382 -6.104 -1.880
1464602117.412247 -1.401 -6.165 -1.878
1464602117.484396 -1.421 -6.228 -1.876
1464602117.554689 -1.441 -6.290 -1.874
1464602117.623277 -1.458 -6.346 -1.872
1464602117.684532 -1.477 -6.406 -1.870
1464602117.760012 -1.497 -6.473 -1.868
1464602117.826741 -1.516 -6.533 -1.866
1464602118.306918 -1.639 -6.950 -1.852
1464602118.470126 -1.681 -7.095 -1.848
1464602118.676330 -1.732 -7.276 -1.842
1464602118.854455 -1.774 -7.431 -1.837
1464602118.943114 -1.796 -7.512 -1.834
1464602119.075992 -1.828 -7.629 -1.830
1464602119.383717 -1.898 -7.900 -1.822
1464602119.530904 -1.931 -8.031 -1.817
1464602119.628920 -1.953 -8.117 -1.815
1464602119.688636 -1.967 -8.172 -1.815
1464602119.743553 -1.979 -8.222 -1.818
1464602119.812989 -1.995 -8.284 -1.825
1464602119.891451 -2.014 -8.355 -1.834
1464602119.953834 -2.029 -8.410 -1.841
1464602120.066904 -2.057 -8.509 -1.853
1464602120.536224 -2.186 -8.917 -1.904
1464602120.664893 -2.226 -9.028 -1.918
1464602120.729957 -2.247 -9.086 -1.925
1464602120.783327 -2.264 -9.133 -1.931
1464602120.846963 -2.286 -9.189 -1.938
1464602120.911948 -2.308 -9.246 -1.945
1464602120.987903 -2.334 -9.311 -1.953
1464602121.073442 -2.364 -9.384 -1.963
1464602121.127122 -2.383 -9.432 -1.969
1464602121.228827 -2.420 -9.518 -1.980
1464602121.279924 -2.439 -9.561 -1.986
1464602121.753222 -2.621 -9.947 -2.036
1464602121.822701 -2.651 -10.007 -2.036
1464602121.913589 -2.689 -10.082 -2.036
1464602121.974019 -2.714 -10.133 -2.035
1464602122.025914 -2.736 -10.177 -2.035
1464602122.075097 -2.757 -10.218 -2.035
1464602122.136854 -2.782 -10.269 -2.034
1464602122.212698 -2.813 -10.331 -2.034
1464602122.263456 -2.835 -10.374 -2.034
1464602122.333256 -2.863 -10.432 -2.033
1464602122.415470 -2.897 -10.500 -2.033
1464602122.462874 -2.917 -10.540 -2.032
1464602122.541636 -2.950 -10.606 -2.032
1464602122.716614 -3.021 -10.749 -2.031
1464602123.313511 -3.266 -11.227 -2.090
1464602123.455675 -3.335 -11.342 -2.146
1464602123.664616 -3.446 -11.498 -2.226
1464602123.748561 -3.493 -11.558 -2.258
1464602123.888072 -3.577 -11.655 -2.308
1464602123.997940 -3.645 -11.727 -2.339
1464602124.082950 -3.701 -11.784 -2.364
1464602124.131448 -3.734 -11.816 -2.378
1464602124.184569 -3.770 -11.850 -2.394
1464602124.234405 -3.804 -11.881 -2.407
1464602124.296651 -3.848 -11.920 -2.421
1464602124.365314 -3.895 -11.961 -2.433
1464602124.414920 -3.931 -11.992 -2.442
1464602124.467263 -3.967 -12.022 -2.451
1464602124.519713 -4.008 -12.055 -2.461
1464602124.570466 -4.046 -12.086 -2.470
1464602124.618257 -4.081 -12.113 -2.479
1464602124.678015 -4.124 -12.147 -2.489
1464602124.732123 -4.165 -12.177 -2.499
1464602124.782610 -4.203 -12.206 -2.508
1464602124.832913 -4.241 -12.233 -2.518
1464602124.886514 -4.282 -12.263 -2.527
1464602124.939839 -4.323 -12.291 -2.535
1464602125.378964 -4.654 -12.513 -2.568
1464602125.467493 -4.722 -12.558 -2.547
1464602125.646748 -4.858 -12.654 -2.504
1464602125.719875 -4.912 -12.695 -2.486
1464602125.844019 -5.001 -12.765 -2.456
1464602125.915602 -5.052 -12.808 -2.439
1464602125.998484 -5.110 -12.858 -2.419
1464602126.102348 -5.182 -12.922 -2.394
1464602126.440468 -5.398 -13.140 -2.315
1464602126.575738 -5.481 -13.232 -2.282
1464602126.644556 -5.522 -13.281 -2.266
1464602126.720439 -5.565 -13.334 -2.248
1464602126.810122 -5.617 -13.399 -2.228
1464602126.880678 -5.657 -13.452 -2.217
1464602126.952634 -5.698 -13.506 -2.206
1464602127.013448 -5.732 -13.553 -2.197
1464602127.071397 -5.764 -13.599 -2.187
1464602127.121875 -5.792 -13.638 -2.179
1464602127.192661 -5.830 -13.693 -2.168
1464602127.242105 -5.856 -13.732 -2.161
1464602127.659179 -6.060 -14.059 -2.098
1464602127.817341 -6.133 -14.187 -2.073
1464602127.883203 -6.163 -14.243 -2.063
1464602127.962495 -6.198 -14.309 -2.051
1464602128.014717 -6.221 -14.354 -2.042
1464602128.086462 -6.252 -14.414 -2.031
1464602128.160680 -6.283 -14.478 -2.020
1464602128.243157 -6.316 -14.549 -2.007
1464602128.313839 -6.345 -14.611 -1.996
1464602128.399340 -6.377 -14.684 -1.982
1464602128.492475 -6.412 -14.764 -1.968
1464602128.931053 -6.556 -15.143 -1.902
1464602129.031967 -6.586 -15.234 -1.886
1464602129.315661 -6.663 -15.486 -1.844
1464602129.468881 -6.700 -15.622 -1.832
1464602129.585522 -6.728 -15.728 -1.824
1464602129.671165 -6.748 -15.807 -1.817
1464602129.784490 -6.773 -15.910 -1.809
1464602129.840256 -6.786 -15.962 -1.805
1464602129.891539 -6.797 -16.009 -1.802
1464602129.945256 -6.809 -16.058 -1.798
1464602130.002842 -6.820 -16.109 -1.794
1464602130.090087 -6.839 -16.194 -1.787
1464602130.141872 -6.850 -16.242 -1.783
1464602130.204177 -6.862 -16.299 -1.779
1464602130.268553 -6.874 -16.359 -1.774
1464602130.318698 -6.884 -16.407 -1.771
1464602130.366058 -6.893 -16.452 -1.767
1464602130.419177 -6.902 -16.499 -1.763
1464602130.466773 -6.911 -16.546 -1.760
1464602130.522243 -6.921 -16.597 -1.756
1464602130.569613 -6.929 -16.642 -1.752
1464602130.620485 -6.938 -16.690 -1.749
1464602130.669951 -6.946 -16.736 -1.745
1464602130.725259 -6.956 -16.788 -1.741
1464602131.054253 -7.004 -17.088 -1.718
1464602131.372518 -7.044 -17.381 -1.695
1464602131.613079 -7.070 -17.602 -1.691
1464602131.703177 -7.081 -17.685 -1.702
1464602131.839943 -7.099 -17.813 -1.721
1464602131.907085 -7.109 -17.876 -1.729
1464602132.008111 -7.124 -17.969 -1.743
1464602132.081412 -7.136 -18.038 -1.753
1464602132.138083 -7.147 -18.093 -1.760
1464602132.202452 -7.159 -18.153 -1.769
1464602132.252497 -7.168 -18.200 -1.776
1464602132.310725 -7.180 -18.255 -1.784
1464602132.359829 -7.190 -18.302 -1.790
1464602132.420223 -7.203 -18.357 -1.798
1464602132.473827 -7.214 -18.407 -1.806
1464602132.531445 -7.227 -18.457 -1.813
1464602132.586911 -7.238 -18.502 -1.821
1464602132.646238 -7.250 -18.548 -1.829
1464602132.706791 -7.262 -18.594 -1.837
1464602132.756957 -7.273 -18.633 -1.844
1464602132.804322 -7.283 -18.669 -1.850
1464602132.875284 -7.299 -18.723 -1.860
1464602132.923394 -7.310 -18.759 -1.866
1464602132.979995 -7.323 -18.802 -1.874
1464602133.027714 -7.334 -18.839 -1.880
1464602133.104441 -7.353 -18.896 -1.890
1464602133.361825 -7.419 -19.083 -1.924
1464602133.638218 -7.496 -19.281 -1.960
1464602133.711312 -7.518 -19.335 -1.970
1464602133.790685 -7.542 -19.391 -1.980
1464602133.850168 -7.561 -19.434 -1.988
1464602133.906552 -7.579 -19.474 -1.996
1464602133.970329 -7.600 -19.520 -2.004
1464602134.019138 -7.616 -19.555 -2.011
1464602134.076710 -7.636 -19.596 -2.019
1464602134.130816 -7.654 -19.634 -2.026
1464602134.192419 -7.676 -19.678 -2.034
1464602134.250267 -7.697 -19.719 -2.042
1464602134.297192 -7.714 -19.752 -2.048
1464602134.344750 -7.731 -19.786 -2.055
1464602134.663442 -7.849 -20.000 -2.096
1464602134.840951 -7.919 -20.117 -2.119
1464602134.908292 -7.948 -20.163 -2.128
1464602134.997600 -7.985 -20.222 -2.140
1464602135.063668 -8.013 -20.266 -2.149
1464602135.117976 -8.037 -20.302 -2.157
1464602135.192141 -8.070 -20.351 -2.166
1464602135.241859 -8.092 -20.383 -2.173
1464602135.288905 -8.113 -20.413 -2.179
1464602135.355457 -8.143 -20.456 -2.188
1464602135.402371 -8.165 -20.487 -2.195
1464602135.450903 -8.187 -20.518 -2.201
1464602135.501097 -8.210 -20.550 -2.208
1464602135.569225 -8.242 -20.592 -2.217
1464602135.711737 -8.309 -20.679 -2.235
1464602136.086357 -8.455 -20.858 -2.274
1464602136.301430 -8.601 -21.024 -2.312
1464602136.491997 -8.702 -21.131 -2.337
1464602136.609245 -8.765 -21.196 -2.352
1464602136.732464 -8.833 -21.263 -2.369
1464602136.794981 -8.869 -21.298 -2.377
1464602136.881445 -8.918 -21.345 -2.389
1464602136.966551 -8.968 -21.391 -2.400
1464602137.017505 -8.997 -21.418 -2.407
1464602137.082666 -9.035 -21.452 -2.415
1464602137.134673 -9.066 -21.479 -2.422
1464602137.197472 -9.104 -21.512 -2.431
1464602137.250001 -9.135 -21.538 -2.438
1464602137.311033 -9.171 -21.569 -2.446
1464602137.366263 -9.205 -21.597 -2.453
1464602137.424277 -9.240 -21.625 -2.461
1464602137.487899 -9.279 -21.657 -2.469
1464602137.549985 -9.318 -21.687 -2.478
1464602137.617511 -9.359 -21.719 -2.487
1464602137.666160 -9.390 -21.743 -2.493
1464602137.741370 -9.438 -21.779 -2.503
1464602137.791410 -9.470 -21.802 -2.510
1464602137.850351 -9.508 -21.830 -2.518
1464602137.921251 -9.553 -21.862 -2.528
1464602138.230922 -9.748 -21.994 -2.567
1464602138.497067 -9.924 -22.104 -2.603
1464602138.714148 -10.069 -22.187 -2.631
1464602138.924095 -10.210 -22.264 -2.658
1464602139.010041 -10.269 -22.294 -2.669
1464602139.118720 -10.345 -22.332 -2.684
1464602139.348850 -10.504 -22.408 -2.714
1464602139.558558 -10.652 -22.473 -2.741
1464602139.661070 -10.725 -22.503 -2.755
1464602139.758025 -10.794 -22.531 -2.767
1464602139.823906 -10.843 -22.550 -2.776
1464602139.888673 -10.891 -22.568 -2.785
1464602139.952798 -10.939 -22.586 -2.793
1464602140.015723 -10.986 -22.602 -2.802
1464602140.062774 -11.021 -22.615 -2.808
1464602140.119953 -11.062 -22.629 -2.816
1464602140.194112 -11.118 -22.648 -2.826
1464602140.240869 -11.153 -22.659 -2.832
1464602140.294697 -11.193 -22.672 -2.839
1464602140.345377 -11.231 -22.683 -2.846
1464602140.422073 -11.288 -22.700 -2.856
1464602140.488999 -11.339 -22.715 -2.865
1464602140.568117 -11.398 -22.731 -2.875
1464602140.780473 -11.554 -22.772 -2.902
1464602141.008568 -11.726 -22.811 -2.932
1464602141.390609 -12.013 -22.865 -2.982
1464602141.516822 -12.110 -22.879 -2.998
1464602141.606080 -12.177 -22.889 -3.010
1464602141.684090 -12.239 -22.897 -3.021
1464602141.763002 -12.300 -22.904 -3.031
1464602141.839485 -12.360 -22.910 -3.041
1464602141.902501 -12.409 -22.915 -3.050
1464602141.985906 -12.474 -22.920 -3.061
1464602142.071670 -12.540 -22.925 -3.072
1464602142.123830 -12.582 -22.928 -3.079
1464602142.188853 -12.632 -22.931 -3.087
1464602142.240686 -12.672 -22.933 -3.094
1464602142.314556 -12.729 -22.936 -3.104
1464602142.377570 -12.778 -22.937 -3.112
1464602142.442088 -12.829 -22.938 -3.121
1464602142.521202 -12.890 -22.939 -3.131
1464602142.576732 -12.934 -22.940 -3.139
1464602142.643625 -12.987 -22.940 3.135
1464602142.723589 -13.050 -22.939 3.125
1464602142.780954 -13.095 -22.938 3.117
1464602142.868384 -13.163 -22.936 3.106
1464602143.422775 -13.586 -22.905 3.034
1464602143.761371 -13.843 -22.872 2.990
1464602143.896988 -13.946 -22.855 2.972
1464602144.002795 -14.028 -22.841 2.958
1464602144.070315 -14.080 -22.831 2.949
1464602144.137318 -14.132 -22.820 2.940
1464602144.205457 -14.184 -22.809 2.931
1464602144.567906 -14.453 -22.745 2.884
1464602144.744205 -14.584 -22.709 2.861
1464602144.805651 -14.630 -22.696 2.853
1464602144.883182 -14.689 -22.678 2.842
1464602144.931482 -14.726 -22.666 2.836
1464602144.994987 -14.774 -22.651 2.827
1464602145.071487 -14.831 -22.632 2.817
1464602145.146430 -14.887 -22.613 2.807
1464602145.203848 -14.930 -22.598 2.799
1464602145.284091 -14.989 -22.576 2.789
1464602145.348397 -15.037 -22.558 2.780
1464602145.410167 -15.083 -22.541 2.772
1464602145.484242 -15.137 -22.520 2.762
1464602145.923012 -15.444 -22.387 2.705
1464602146.016747 -15.510 -22.356 2.693
1464602146.084260 -15.558 -22.332 2.684
1464602146.142056 -15.598 -22.312 2.676
1464602146.206772 -15.644 -22.289 2.667
1464602146.263061 -15.683 -22.269 2.660
1464602146.320422 -15.725 -22.247 2.652
1464602146.663324 -15.954 -22.118 2.607
1464602146.881103 -16.097 -22.031 2.579
1464602146.948044 -16.140 -22.003 2.570
1464602147.011963 -16.185 -21.974 2.561
1464602147.066875 -16.221 -21.950 2.554
1464602147.116002 -16.253 -21.928 2.547
1464602147.181678 -16.296 -21.899 2.538
1464602147.252615 -16.342 -21.867 2.529
1464602147.311389 -16.379 -21.841 2.521
1464602147.375573 -16.420 -21.812 2.513
1464602147.436948 -16.459 -21.783 2.504
1464602147.483896 -16.490 -21.760 2.498
1464602147.560472 -16.538 -21.724 2.488
1464602147.620733 -16.575 -21.695 2.480
1464602147.669944 -16.605 -21.671 2.473
1464602147.731982 -16.643 -21.641 2.465
1464602148.119950 -16.846 -21.470 2.420
1464602148.418236 -17.036 -21.296 2.376
1464602148.597422 -17.129 -21.204 2.354
1464602148.704571 -17.195 -21.138 2.338
1464602148.823410 -17.258 -21.071 2.323
1464602148.890501 -17.294 -21.032 2.314
1464602148.960437 -17.330 -20.992 2.305
1464602149.028076 -17.365 -20.953 2.296
1464602149.092119 -17.399 -20.915 2.287
1464602149.140512 -17.424 -20.886 2.281
1464602149.193796 -17.451 -20.854 2.274
1464602149.260951 -17.485 -20.813 2.264
1464602149.322540 -17.516 -20.776 2.256
1464602149.374141 -17.542 -20.744 2.249
1464602149.425625 -17.567 -20.713 2.242
1464602149.490315 -17.598 -20.673 2.234
1464602149.545038 -17.625 -20.638 2.226
1464602149.605916 -17.655 -20.600 2.218
1464602149.675756 -17.687 -20.556 2.209
1464602149.731540 -17.713 -20.521 2.202
1464602149.792048 -17.741 -20.482 2.194
1464602149.863481 -17.773 -20.437 2.184
1464602149.927328 -17.802 -20.396 2.176
1464602149.990139 -17.830 -20.356 2.167
1464602150.486729 -18.032 -20.036 2.103
1464602150.683634 -18.108 -19.903 2.077
1464602150.828203 -18.162 -19.804 2.058
1464602150.905567 -18.190 -19.751 2.048
1464602150.992422 -18.220 -19.691 2.036
1464602151.100450 -18.256 -19.618 2.023
1464602151.529999 -18.392 -19.316 1.966
1464602151.595109 -18.412 -19.268 1.958
1464602151.679483 -18.436 -19.208 1.947
1464602151.746426 -18.456 -19.158 1.938
1464602151.804885 -18.472 -19.114 1.930
1464602151.865927 -18.489 -19.070 1.922
1464602151.915359 -18.502 -19.034 1.915
1464602151.977287 -18.518 -18.988 1.907
1464602152.034761 -18.533 -18.945 1.899
1464602152.106216 -18.551 -18.892 1.890
1464602152.166393 -18.565 -18.847 1.882
1464602152.223709 -18.579 -18.804 1.874
1464602152.283015 -18.593 -18.759 1.866
1464602152.360584 -18.610 -18.701 1.856
1464602152.479932 -18.627 -18.642 1.845
1464602152.842312 -18.703 -18.342 1.793
1464602152.930289 -18.718 -18.275 1.781
1464602152.988202 -18.727 -18.231 1.774
1464602153.062878 -18.739 -18.174 1.764
1464602153.133017 -18.749 -18.120 1.754
1464602153.202389 -18.759 -18.066 1.745
1464602153.249083 -18.765 -18.029 1.739
1464602153.329042 -18.775 -17.967 1.728
1464602153.376683 -18.781 -17.930 1.722
1464602153.429589 -18.787 -17.889 1.715
1464602153.499913 -18.795 -17.835 1.705
1464602153.574179 -18.802 -17.777 1.696
1464602153.848047 -18.825 -17.569 1.678
1464602154.276715 -18.862 -17.243 1.686
1464602154.517318 -18.883 -17.060 1.691
1464602154.609346 -18.892 -16.990 1.693
1464602154.704902 -18.901 -16.915 1.695
1464602154.765619 -18.907 -16.867 1.696
1464602154.855440 -18.916 -16.797 1.698
1464602154.916170 -18.922 -16.751 1.699
1464602154.965088 -18.927 -16.712 1.700
1464602155.031810 -18.934 -16.660 1.701
1464602155.092146 -18.940 -16.613 1.703
1464602155.138290 -18.945 -16.576 1.703
1464602155.198527 -18.951 -16.530 1.705
1464602155.265095 -18.958 -16.477 1.706
1464602155.325388 -18.965 -16.430 1.707
1464602155.374020 -18.970 -16.392 1.708
1464602155.444928 -18.977 -16.337 1.710
1464602155.504337 -18.984 -16.291 1.711
1464602155.554275 -18.990 -16.251 1.712
1464602155.618953 -18.997 -16.201 1.713
1464602155.687056 -19.005 -16.146 1.715
1464602155.750764 -19.012 -16.096 1.716
1464602155.805765 -19.018 -16.054 1.717
1464602155.891687 -19.028 -15.987 1.719
1464602156.332063 -19.079 -15.654 1.728
1464602156.733407 -19.128 -15.352 1.735
1464602156.867042 -19.145 -15.250 1.738
1464602156.949786 -19.156 -15.186 1.740
1464602157.047451 -19.169 -15.112 1.742
1464602157.451964 -19.223 -14.807 1.750
1464602157.566895 -19.239 -14.719 1.752
1464602157.672447 -19.254 -14.639 1.754
1464602157.778425 -19.269 -14.558 1.756
1464602157.852683 -19.279 -14.502 1.758
1464602157.921283 -19.289 -14.448 1.759
1464602157.974896 -19.297 -14.406 1.760
1464602158.025563 -19.305 -14.366 1.761
1464602158.089550 -19.315 -14.317 1.763
1464602158.164148 -19.326 -14.261 1.764
1464602158.445053 -19.367 -14.052 1.770
1464602158.716602 -19.410 -13.843 1.775
1464602158.767600 -19.418 -13.804 1.776
1464602158.826770 -19.427 -13.758 1.777
1464602158.892666 -19.438 -13.707 1.779
1464602158.956623 -19.448 -13.659 1.780
1464602159.018030 -19.459 -13.611 1.781
1464602159.089541 -19.470 -13.556 1.783
1464602159.161302 -19.482 -13.502 1.784
1464602159.218049 -19.492 -13.458 1.785
1464602159.293278 -19.504 -13.401 1.787
1464602159.692606 -19.571 -13.102 1.784
1464602159.816239 -19.590 -13.008 1.759
1464602159.898124 -19.601 -12.946 1.743
1464602159.979591 -19.612 -12.882 1.727
1464602160.040962 -19.619 -12.835 1.715
1464602160.106422 -19.626 -12.784 1.702
1464602160.181892 -19.633 -12.727 1.687
1464602160.232651 -19.637 -12.686 1.677
1464602160.290713 -19.642 -12.640 1.665
1464602160.354322 -19.646 -12.591 1.652
1464602160.433644 -19.651 -12.528 1.637
1464602160.502280 -19.654 -12.474 1.623
1464602160.563160 -19.656 -12.427 1.611
1464602160.653572 -19.659 -12.358 1.593
1464602161.018822 -19.655 -12.078 1.522
1464602161.336627 -19.636 -11.836 1.460
1464602161.551216 -19.614 -11.673 1.419
1464602161.684559 -19.597 -11.572 1.393
1464602161.764995 -19.586 -11.510 1.377
1464602161.854619 -19.572 -11.442 1.359
1464602161.950903 -19.555 -11.368 1.340
1464602162.010651 -19.544 -11.322 1.328
1464602162.067488 -19.533 -11.279 1.317
1464602162.125894 -19.521 -11.234 1.305
1464602162.194595 -19.506 -11.182 1.291
1464602162.243147 -19.496 -11.144 1.281
1464602162.313229 -19.480 -11.092 1.267
1464602162.363383 -19.468 -11.054 1.257
1464602162.424656 -19.452 -11.008 1.245
1464602162.487512 -19.436 -10.962 1.232
1464602162.554293 -19.418 -10.912 1.219
1464602162.613230 -19.402 -10.869 1.207
1464602162.666152 -19.387 -10.830 1.197
1464602162.736259 -19.367 -10.779 1.183
1464602162.802242 -19.347 -10.731 1.170
1464602162.869345 -19.326 -10.683 1.160
1464602162.936438 -19.305 -10.635 1.153
1464602163.413581 -19.151 -10.305 1.112
1464602163.778420 -19.023 -10.055 1.081
1464602163.909420 -18.974 -9.966 1.069
1464602163.975092 -18.949 -9.921 1.063
1464602164.075124 -18.911 -9.853 1.054
1464602164.489479 -18.749 -9.580 1.019
1464602164.590769 -18.707 -9.512 1.010
1464602164.688968 -18.668 -9.450 1.001
1464602164.766928 -18.634 -9.398 0.994
1464602164.830040 -18.607 -9.356 0.989
1464602164.893194 -18.579 -9.314 0.984
1464602164.965654 -18.549 -9.268 0.983
1464602165.019424 -18.526 -9.234 0.985
1464602165.093735 -18.493 -9.184 0.988
1464602165.157448 -18.466 -9.143 0.990
1464602165.223216 -18.437 -9.100 0.993
1464602165.537696 -18.307 -8.898 1.005
1464602165.754814 -18.218 -8.755 1.013
1464602165.815851 -18.192 -8.714 1.016
1464602165.909055 -18.154 -8.652 1.019
1464602165.981232 -18.124 -8.604 1.022
1464602166.049439 -18.096 -8.558 1.025
1464602166.110719 -18.071 -8.517 1.027
1464602166.185818 -18.041 -8.466 1.030
1464602166.245287 -18.016 -8.425 1.033
1464602166.316392 -17.988 -8.377 1.036
1464602166.741284 -17.825 -8.097 1.052
1464602166.878728 -17.772 -8.005 1.057
1464602166.970141 -17.738 -7.943 1.061
1464602167.035449 -17.713 -7.898 1.064
1464602167.094830 -17.690 -7.857 1.066
1464602167.163764 -17.664 -7.809 1.069
1464602167.243390 -17.634 -7.755 1.072
1464602167.304082 -17.611 -7.713 1.074
1464602167.368201 -17.588 -7.669 1.077
1464602167.429294 -17.565 -7.627 1.079
1464602167.501908 -17.538 -7.577 1.082
1464602167.571887 -17.512 -7.528 1.085
1464602167.984043 -17.368 -7.249 1.101
1464602168.408808 -17.223 -6.958 1.117
1464602168.521400 -17.185 -6.879 1.122
1464602168.615220 -17.153 -6.813 1.125
1464602168.739070 -17.112 -6.726 1.130
1464602168.815236 -17.086 -6.673 1.133
1464602168.889663 -17.062 -6.619 1.136
1464602168.950887 -17.041 -6.576 1.138
1464602169.013449 -17.021 -6.531 1.141
1464602169.079779 -16.999 -6.483 1.144
1464602169.139114 -16.980 -6.441 1.146
1464602169.207697 -16.958 -6.393 1.149
1464602169.266582 -16.939 -6.350 1.151
1464602169.339638 -16.916 -6.297 1.154
1464602169.398605 -16.897 -6.255 1.156
1464602169.475193 -16.873 -6.200 1.159
1464602169.535803 -16.854 -6.158 1.162
1464602169.589583 -16.838 -6.120 1.164
1464602169.676465 -16.811 -6.056 1.167
1464602169.748220 -16.789 -6.004 1.170
1464602170.351971 -16.614 -5.578 1.193
1464602170.584513 -16.548 -5.411 1.202
1464602170.760678 -16.499 -5.282 1.209
1464602170.855612 -16.469 -5.202 1.213
1464602170.948736 -16.439 -5.122 1.217
1464602171.024442 -16.415 -5.056 1.220
1464602171.083917 -16.396 -5.003 1.222
1464602171.158834 -16.374 -4.943 1.225
1464602171.223095 -16.352 -4.882 1.228
1464602171.276874 -16.335 -4.834 1.230
1464602171.394874 -16.299 -4.732 1.234
1464602171.730462 -16.201 -4.446 1.247
1464602171.853504 -16.165 -4.337 1.246
1464602171.948245 -16.137 -4.255 1.238
1464602172.009994 -16.118 -4.201 1.231
1464602172.098246 -16.090 -4.124 1.223
1464602172.180244 -16.064 -4.053 1.215
1464602172.245346 -16.043 -3.997 1.208
1464602172.314504 -16.020 -3.936 1.201
1464602172.375644 -16.000 -3.885 1.195
1464602172.451981 -15.973 -3.818 1.188
1464602172.515530 -15.951 -3.764 1.181
1464602172.608035 -15.919 -3.686 1.172
1464602172.683025 -15.894 -3.627 1.165
1464602172.772442 -15.867 -3.565 1.157
1464602172.836770 -15.847 -3.520 1.151
1464602172.910719 -15.825 -3.471 1.145
1464602172.985038 -15.801 -3.420 1.138
1464602173.079014 -15.772 -3.357 1.129
1464602173.585075 -15.604 -3.029 1.050
1464602173.678843 -15.569 -2.969 1.028
1464602173.742046 -15.544 -2.929 1.013
1464602173.812648 -15.517 -2.886 0.997
1464602173.885651 -15.487 -2.840 0.980
1464602173.945889 -15.461 -2.802 0.966
1464602174.020319 -15.429 -2.757 0.949
1464602174.096556 -15.396 -2.711 0.931
1464602174.152375 -15.370 -2.678 0.918
1464602174.230745 -15.334 -2.632 0.900
1464602174.304078 -15.301 -2.590 0.883
1464602174.604459 -15.157 -2.427 0.817
1464602174.818830 -15.047 -2.312 0.800
1464602174.897769 -15.007 -2.270 0.804
1464602174.959588 -14.974 -2.237 0.807
1464602175.048560 -14.928 -2.188 0.811
1464602175.096606 -14.903 -2.161 0.814
1464602175.164120 -14.868 -2.125 0.817
1464602175.257962 -14.821 -2.074 0.822
1464602175.309597 -14.795 -2.046 0.824
1464602175.374489 -14.762 -2.010 0.827
1464602175.800598 -14.555 -1.781 0.848
1464602175.988017 -14.464 -1.676 0.857
1464602176.064458 -14.426 -1.633 0.860
1464602176.134005 -14.392 -1.593 0.864
1464602176.215516 -14.353 -1.547 0.867
1464602176.283351 -14.319 -1.508 0.867
1464602176.332490 -14.295 -1.479 0.864
1464602176.820689 -14.060 -1.213 0.833
1464602176.920132 -14.010 -1.158 0.826
1464602176.995753 -13.972 -1.117 0.822
1464602177.079835 -13.929 -1.071 0.816
1464602177.138679 -13.899 -1.039 0.812
1464602177.200210 -13.867 -1.005 0.808
1464602177.269381 -13.831 -0.968 0.804
1464602177.334789 -13.797 -0.933 0.799
1464602177.407982 -13.759 -0.894 0.795
1464602177.473674 -13.725 -0.859 0.791
1464602177.530093 -13.695 -0.829 0.787
1464602177.601668 -13.657 -0.791 0.782
1464602177.665628 -13.623 -0.758 0.778
1464602178.053912 -13.419 -0.562 0.753
1464602178.431609 -13.217 -0.376 0.730
1464602178.656214 -13.093 -0.267 0.715
1464602178.780780 -13.024 -0.207 0.707
1464602178.920401 -12.945 -0.140 0.698
1464602179.023833 -12.886 -0.091 0.692
1464602179.112951 -12.835 -0.049 0.686
1464602179.207383 -12.781 -0.006 0.680
1464602179.273610 -12.743 0.025 0.676
1464602179.370880 -12.686 0.070 0.669
1464602179.431450 -12.650 0.098 0.665
1464602179.498056 -12.612 0.129 0.661
1464602179.582462 -12.562 0.167 0.656
1464602179.647112 -12.523 0.197 0.651
1464602179.718332 -12.481 0.229 0.647
1464602179.796673 -12.434 0.264 0.642
1464602179.859571 -12.396 0.292 0.638
1464602179.939794 -12.348 0.328 0.632
1464602180.320759 -12.122 0.489 0.608
1464602180.641710 -11.928 0.621 0.588
1464602180.846187 -11.803 0.704 0.575
1464602180.961552 -11.731 0.750 0.567
1464602181.060329 -11.669 0.789 0.561
1464602181.422166 -11.444 0.927 0.538
1464602181.592107 -11.336 0.990 0.527
1464602181.682241 -11.278 1.024 0.521
1464602181.748722 -11.235 1.048 0.517
1464602181.825529 -11.185 1.077 0.512
1464602181.894439 -11.139 1.102 0.507
1464602181.958310 -11.097 1.126 0.503
1464602182.040205 -11.045 1.154 0.498
1464602182.116687 -10.994 1.182 0.493
1464602182.302648 -10.875 1.245 0.481
1464602182.709542 -10.609 1.380 0.455
1464602182.789805 -10.555 1.406 0.450
1464602182.875779 -10.498 1.433 0.445
1464602182.936189 -10.457 1.453 0.441
1464602183.003720 -10.411 1.474 0.436
1464602183.082018 -10.358 1.499 0.431
1464602183.145689 -10.315 1.519 0.427
1464602183.216357 -10.266 1.540 0.423
1464602183.283215 -10.221 1.561 0.418
1464602183.355719 -10.171 1.583 0.414
1464602183.415108 -10.130 1.601 0.410
1464602183.667863 -9.962 1.672 0.394
1464602183.963726 -9.759 1.754 0.375
1464602184.377707 -9.477 1.861 0.348
1464602184.551205 -9.356 1.904 0.337
1464602184.630516 -9.300 1.923 0.332
1464602184.713430 -9.242 1.943 0.327
1464602184.777572 -9.197 1.958 0.323
1464602184.844540 -9.150 1.974 0.318
1464602184.921471 -9.095 1.992 0.313
1464602185.001544 -9.038 2.010 0.308
1464602185.064272 -8.993 2.024 0.304
1464602185.142478 -8.937 2.042 0.299
1464602185.216150 -8.885 2.058 0.294
1464602185.291255 -8.831 2.074 0.289
1464602185.366124 -8.778 2.090 0.285
1464602185.427695 -8.733 2.103 0.280
1464602185.504358 -8.678 2.119 0.276
1464602185.584342 -8.621 2.134 0.270
1464602185.815689 -8.458 2.178 0.256
1464602186.331853 -8.093 2.268 0.223
1464602186.535682 -7.947 2.300 0.210
1464602186.674492 -7.848 2.320 0.201
1464602186.756815 -7.788 2.332 0.196
1464602186.818535 -7.743 2.341 0.192
1464602186.932104 -7.660 2.357 0.185
1464602186.997815 -7.612 2.366 0.180
1464602187.072006 -7.557 2.376 0.176
1464602187.162474 -7.491 2.387 0.170
1464602187.225650 -7.444 2.395 0.166
1464602187.317802 -7.377 2.406 0.160
1464602187.388715 -7.324 2.415 0.155
1464602187.463215 -7.269 2.423 0.150
1464602187.541751 -7.212 2.432 0.145
1464602187.605854 -7.165 2.438 0.141
1464602187.672732 -7.116 2.445 0.137
1464602187.748772 -7.060 2.453 0.132
1464602187.810173 -7.014 2.459 0.128
1464602187.882408 -6.960 2.466 0.123
1464602187.987622 -6.884 2.475 0.116
1464602188.547101 -6.479 2.515 0.081
1464602188.844936 -6.262 2.530 0.062
1464602188.978222 -6.165 2.536 0.054
1464602189.200894 -6.001 2.544 0.039
1464602189.576469 -5.728 2.551 0.016
1464602189.663771 -5.662 2.552 0.010
1464602189.755763 -5.594 2.553 0.004
1464602189.848822 -5.524 2.553 -0.002
1464602189.913017 -5.475 2.552 -0.006
1464602189.997254 -5.412 2.552 -0.012
1464602190.071024 -5.357 2.551 -0.017
1464602190.129688 -5.314 2.550 -0.020
1464602190.199193 -5.261 2.549 -0.025
1464602190.281955 -5.201 2.547 -0.030
1464602190.384289 -5.124 2.545 -0.037
1464602190.620276 -4.952 2.537 -0.052
1464602190.895947 -4.750 2.525 -0.069
1464602190.975649 -4.691 2.521 -0.075
1464602191.050884 -4.635 2.516 -0.079
1464602191.136599 -4.571 2.511 -0.085
1464602191.203703 -4.521 2.507 -0.089
1464602191.291995 -4.455 2.501 -0.095
1464602191.371440 -4.396 2.495 -0.100
1464602191.489400 -4.310 2.486 -0.108
1464602191.901922 -4.011 2.450 -0.134
1464602192.009054 -3.932 2.439 -0.141
1464602192.079557 -3.881 2.431 -0.145
1464602192.171607 -3.812 2.421 -0.151
1464602192.246905 -3.756 2.412 -0.156
1464602192.333640 -3.693 2.402 -0.162
1464602192.415040 -3.634 2.392 -0.167
1464602192.510743 -3.565 2.381 -0.173
1464602192.594710 -3.503 2.370 -0.179
1464602192.674718 -3.445 2.359 -0.184
1464602193.179860 -3.085 2.286 -0.216
1464602193.517517 -2.843 2.230 -0.237
1464602193.751774 -2.676 2.189 -0.252
1464602193.891692 -2.576 2.163 -0.261
1464602193.999005 -2.500 2.142 -0.268
1464602194.095276 -2.432 2.123 -0.274
1464602194.178282 -2.373 2.106 -0.280
1464602194.265368 -2.312 2.088 -0.285
1464602194.335484 -2.261 2.073 -0.290
1464602194.402038 -2.214 2.059 -0.294
1464602194.483891 -2.155 2.041 -0.299
1464602194.556360 -2.103 2.025 -0.304
1464602194.636617 -2.047 2.007 -0.309
1464602194.714432 -1.992 1.990 -0.314
1464602194.778718 -1.945 1.974 -0.318
1464602194.851650 -1.893 1.957 -0.323
1464602194.923538 -1.842 1.940 -0.328
1464602195.345966 -1.552 1.837 -0.355
1464602195.683082 -1.322 1.749 -0.376
1464602195.951015 -1.141 1.675 -0.393
1464602196.048036 -1.075 1.648 -0.399
1464602196.543748 -0.744 1.502 -0.431
1464602196.653255 -0.672 1.469 -0.438
1464602196.730972 -0.617 1.443 -0.443
1464602196.797764 -0.572 1.421 -0.447
1464602196.875684 -0.520 1.396 -0.452
1464602196.960074 -0.463 1.368 -0.458
1464602197.028579 -0.418 1.346 -0.462
1464602197.110578 -0.363 1.319 -0.467
1464602197.186570 -0.313 1.293 -0.472
1464602197.262214 -0.262 1.267 -0.477
1464602197.329082 -0.217 1.244 -0.482
1464602197.585082 -0.056 1.157 -0.512
1464602197.878925 0.140 1.037 -0.590
1464602197.971002 0.199 0.996 -0.614
1464602198.049990 0.249 0.960 -0.635
1464602198.131506 0.299 0.922 -0.656
1464602198.211324 0.348 0.884 -0.677
1464602198.288242 0.394 0.846 -0.698
1464602198.363216 0.438 0.808 -0.717
1464602198.448440 0.488 0.764 -0.740
1464602198.766492 0.660 0.594 -0.821
1464602199.135202 0.841 0.380 -0.916
1464602199.462782 0.985 0.174 -1.001
1464602199.591281 1.037 0.090 -1.034
1464602199.718040 1.086 0.006 -1.067
1464602199.833078 1.127 -0.073 -1.097
1464602199.936982 1.163 -0.145 -1.125
1464602200.011562 1.188 -0.198 -1.144
1464602200.094099 1.213 -0.256 -1.165
1464602200.177814 1.239 -0.317 -1.188
1464602200.253897 1.260 -0.373 -1.208
1464602200.332739 1.281 -0.430 -1.228
1464602200.407364 1.300 -0.484 -1.248
1464602200.488266 1.320 -0.545 -1.269
1464602200.578373 1.340 -0.612 -1.293
1464602200.659106 1.356 -0.672 -1.314
1464602200.747096 1.373 -0.738 -1.337
1464602201.354760 1.452 -1.193 -1.452
1464602201.612190 1.471 -1.389 -1.502
1464602201.803090 1.476 -1.535 -1.571
1464602201.908860 1.474 -1.617 -1.616
1464602202.006897 1.469 -1.692 -1.657
1464602202.452436 1.409 -2.026 -1.843
1464602202.596098 1.376 -2.132 -1.904
1464602202.690796 1.350 -2.201 -1.944
1464602202.789099 1.321 -2.271 -1.986
1464602202.872764 1.294 -2.329 -2.021
1464602202.941069 1.270 -2.377 -2.050
1464602203.026380 1.239 -2.435 -2.086
1464602203.106065 1.208 -2.488 -2.120
1464602203.172915 1.180 -2.533 -2.149
1464602203.261259 1.142 -2.588 -2.186
1464602203.735917 0.910 -2.865 -2.321
1464602203.852644 0.848 -2.930 -2.338
1464602203.942303 0.800 -2.980 -2.351
1464602204.019531 0.757 -3.023 -2.362
1464602204.088637 0.719 -3.060 -2.372
1464602204.176394 0.669 -3.108 -2.384
1464602204.265053 0.619 -3.155 -2.390
1464602204.348300 0.571 -3.199 -2.390
1464602204.428896 0.525 -3.242 -2.384
1464602204.877089 0.283 -3.483 -2.336
1464602204.999714 0.217 -3.552 -2.323
1464602205.098294 0.166 -3.607 -2.312
1464602205.174552 0.126 -3.651 -2.304
1464602205.261849 0.081 -3.702 -2.294
1464602205.361406 0.030 -3.760 -2.284
1464602205.432504 -0.006 -3.802 -2.276
1464602205.517642 -0.048 -3.852 -2.267
1464602205.600377 -0.089 -3.901 -2.257
1464602205.988634 -0.272 -4.134 -2.216
1464602206.470342 -0.485 -4.433 -2.164
1464602206.671129 -0.570 -4.562 -2.142
1464602206.790975 -0.618 -4.639 -2.130
1464602206.879577 -0.655 -4.698 -2.120
1464602206.963758 -0.689 -4.754 -2.111
1464602207.052797 -0.724 -4.814 -2.101
1464602207.120918 -0.751 -4.859 -2.093
1464602207.217205 -0.788 -4.924 -2.083
1464602207.289182 -0.815 -4.973 -2.075
1464602207.377858 -0.847 -5.033 -2.065
1464602207.460636 -0.878 -5.090 -2.056
1464602207.538889 -0.906 -5.144 -2.048
1464602207.606466 -0.930 -5.190 -2.040
1464602207.682558 -0.957 -5.243 -2.030
1464602207.794098 -0.994 -5.321 -2.007
1464602208.333835 -1.141 -5.705 -1.868
1464602208.686380 -1.208 -5.964 -1.777
1464602208.794986 -1.224 -6.048 -1.748
1464602208.908911 -1.239 -6.135 -1.719
1464602209.002222 -1.249 -6.207 -1.694
1464602209.114836 -1.258 -6.292 -1.665
1464602209.580551 -1.270 -6.645 -1.545
1464602209.666212 -1.267 -6.713 -1.522
1464602209.761403 -1.263 -6.786 -1.497
1464602209.835643 -1.258 -6.844 -1.478
1464602209.919827 -1.251 -6.909 -1.456
1464602209.998485 -1.244 -6.969 -1.435
1464602210.080794 -1.234 -7.032 -1.413
1464602210.167133 -1.223 -7.098 -1.391
1464602210.534703 -1.160 -7.369 -1.296
1464602210.787396 -1.102 -7.554 -1.231
1464602210.890714 -1.075 -7.628 -1.204
1464602210.975595 -1.050 -7.690 -1.182
1464602211.064251 -1.024 -7.752 -1.158
1464602211.143523 -0.998 -7.809 -1.137
1464602211.231604 -0.969 -7.871 -1.114
1464602211.320547 -0.938 -7.932 -1.091
1464602211.674811 -0.806 -8.159 -1.009
1464602211.826331 -0.742 -8.262 -1.014
1464602211.965734 -0.684 -8.355 -1.021
1464602212.063238 -0.645 -8.420 -1.025
1464602212.142837 -0.613 -8.472 -1.029
1464602212.243961 -0.573 -8.539 -1.034
1464602212.323115 -0.541 -8.593 -1.038
1464602212.404301 -0.509 -8.648 -1.042
1464602212.497047 -0.473 -8.709 -1.047
1464602212.593879 -0.436 -8.775 -1.051
1464602213.197964 -0.184 -9.232 -1.080
1464602213.515675 -0.050 -9.486 -1.096
1464602213.658211 0.009 -9.603 -1.103
1464602213.843901 0.084 -9.753 -1.112
1464602213.912413 0.113 -9.810 -1.115
1464602214.007662 0.151 -9.889 -1.120
1464602214.093074 0.185 -9.960 -1.124
1464602214.176263 0.218 -10.029 -1.128
1464602214.260289 0.251 -10.099 -1.132
1464602214.339109 0.281 -10.164 -1.136
1464602214.430920 0.317 -10.241 -1.141
1464602214.505735 0.345 -10.304 -1.144
1464602214.594012 0.379 -10.378 -1.149
1464602214.677034 0.410 -10.448 -1.153
1464602214.754049 0.439 -10.513 -1.157
1464602214.864496 0.479 -10.605 -1.162
1464602215.317764 0.637 -10.980 -1.184
1464602215.726661 0.772 -11.322 -1.203
1464602215.891923 0.826 -11.462 -1.211
1464602216.004162 0.860 -11.555 -1.217
1464602216.447253 0.995 -11.933 -1.238
1464602216.637569 1.050 -12.095 -1.247
1464602216.725935 1.076 -12.173 -1.252
1464602216.788537 1.094 -12.227 -1.255
1464602216.881998 1.120 -12.307 -1.259
1464602216.958334 1.142 -12.375 -1.263
1464602217.041522 1.165 -12.446 -1.267
1464602217.123032 1.187 -12.517 -1.271
1464602217.210778 1.210 -12.594 -1.275
1464602217.307477 1.236 -12.680 -1.280
1464602217.650395 1.322 -12.977 -1.297
1464602217.850533 1.370 -13.150 -1.306
1464602217.949768 1.394 -13.238 -1.311
1464602218.034423 1.414 -13.314 -1.315
1464602218.130467 1.436 -13.398 -1.318
1464602218.205249 1.453 -13.465 -1.315
1464602218.296816 1.474 -13.545 -1.305
1464602218.380546 1.495 -13.619 -1.290
1464602218.478257 1.520 -13.703 -1.273
1464602218.967547 1.668 -14.119 -1.185
1464602219.251373 1.769 -14.351 -1.134
1464602219.553712 1.893 -14.599 -1.079
1464602219.638635 1.931 -14.668 -1.063
1464602219.755413 1.983 -14.760 -1.042
1464602219.855980 2.030 -14.839 -1.024
1464602219.931854 2.066 -14.897 -1.011
1464602220.034261 2.117 -14.977 -1.000
1464602220.143499 2.170 -15.059 -0.991
1464602220.248309 2.224 -15.140 -0.981
1464602220.342410 2.271 -15.211 -0.973
1464602220.429245 2.316 -15.276 -0.966
1464602220.510546 2.358 -15.336 -0.958
1464602220.606667 2.410 -15.409 -0.950
1464602220.686623 2.453 -15.468 -0.943
1464602220.776644 2.501 -15.535 -0.935
1464602220.995167 2.619 -15.692 -0.916
1464602221.484034 2.896 -16.036 -0.873
1464602221.782257 3.071 -16.239 -0.847
1464602221.897550 3.141 -16.318 -0.837
1464602221.979128 3.192 -16.374 -0.829
1464602222.084137 3.264 -16.452 -0.820
1464602222.166700 3.327 -16.519 -0.813
1464602222.271773 3.408 -16.603 -0.804
1464602222.385799 3.497 -16.695 -0.794
1464602222.475679 3.567 -16.765 -0.786
1464602222.569238 3.640 -16.839 -0.778
1464602222.650671 3.705 -16.902 -0.771
1464602222.752361 3.787 -16.981 -0.763
1464602222.860792 3.875 -17.064 -0.753
1464602222.945515 3.944 -17.129 -0.746
1464602223.039326 4.022 -17.200 -0.738
1464602223.522294 4.421 -17.548 -0.697
1464602223.668033 4.545 -17.651 -0.685
1464602223.769275 4.633 -17.722 -0.676
1464602223.865910 4.717 -17.789 -0.668
1464602223.947897 4.791 -17.846 -0.660
1464602224.046896 4.878 -17.914 -0.652
1464602224.117408 4.942 -17.962 -0.646
1464602224.212477 5.026 -18.025 -0.638
1464602224.655584 5.423 -18.306 -0.571
1464602224.831661 5.590 -18.406 -0.509
1464602224.916989 5.674 -18.451 -0.479
1464602224.992966 5.750 -18.489 -0.453
1464602225.094225 5.852 -18.536 -0.417
1464602225.183622 5.944 -18.576 -0.386
1464602225.267155 6.031 -18.609 -0.356
1464602225.352257 6.119 -18.641 -0.327
1464602225.852763 6.651 -18.771 -0.154
1464602225.997534 6.809 -18.792 -0.104
1464602226.073411 6.894 -18.800 -0.077
1464602226.172536 7.005 -18.806 -0.043
1464602226.262113 7.105 -18.809 -0.019
1464602226.351861 7.206 -18.810 0.000
1464602226.823784 7.722 -18.787 0.091
1464602226.950830 7.863 -18.772 0.115
1464602227.045237 7.966 -18.759 0.133
1464602227.122820 8.052 -18.747 0.144
1464602227.218749 8.158 -18.732 0.150
1464602227.303516 8.251 -18.717 0.153
1464602227.376828 8.331 -18.705 0.156
1464602227.475168 8.441 -18.688 0.160
1464602227.543057 8.517 -18.675 0.162
1464602227.638079 8.621 -18.658 0.166
1464602227.717548 8.710 -18.643 0.169
1464602228.066916 9.086 -18.576 0.182
1464602228.551712 9.608 -18.476 0.199
1464602228.750282 9.823 -18.432 0.207
1464602228.874789 9.958 -18.403 0.211
1464602228.967808 10.059 -18.381 0.215
1464602229.092127 10.194 -18.351 0.219
1464602229.188710 10.298 -18.328 0.223
1464602229.272579 10.390 -18.307 0.226
1464602229.368429 10.494 -18.283 0.230
1464602229.451158 10.584 -18.262 0.233
1464602229.539723 10.681 -18.238 0.236
1464602229.614076 10.763 -18.219 0.239
1464602229.710438 10.867 -18.193 0.243
1464602229.791789 10.957 -18.171 0.242
1464602229.883830 11.061 -18.146 0.234
1464602229.972279 11.162 -18.122 0.224
1464602230.219185 11.441 -18.063 0.195
1464602230.569905 11.839 -17.993 0.154
1464602230.668836 11.954 -17.975 0.142
1464602230.746630 12.044 -17.963 0.133
1464602230.843973 12.156 -17.949 0.122
1464602230.930900 12.258 -17.937 0.111
1464602231.022219 12.364 -17.925 0.101
1464602231.119290 12.477 -17.915 0.090
1464602231.210322 12.583 -17.905 0.084
1464602231.411822 12.814 -17.885 0.092
1464602231.807558 13.267 -17.838 0.117
1464602231.904302 13.379 -17.824 0.123
1464602231.998871 13.489 -17.810 0.129
1464602232.091931 13.597 -17.796 0.135
1464602232.185396 13.706 -17.781 0.142
1464602232.283450 13.820 -17.764 0.148
1464602232.370575 13.921 -17.749 0.154
1464602232.462825 14.028 -17.732 0.159
1464602232.667978 14.261 -17.695 0.155
1464602233.036630 14.685 -17.638 0.109
1464602233.458824 15.173 -17.598 0.056
1464602233.629494 15.372 -17.589 0.035
1464602233.718551 15.477 -17.586 0.024
1464602233.827968 15.606 -17.584 0.010
1464602233.937347 15.734 -17.583 -0.004
1464602234.054661 15.874 -17.585 -0.017
1464602234.142030 15.975 -17.587 -0.020
1464602234.239394 16.090 -17.589 -0.018
1464602234.323774 16.191 -17.591 -0.015
1464602234.416097 16.298 -17.592 -0.011
1464602234.487989 16.383 -17.593 -0.008
1464602234.599772 16.514 -17.594 -0.004
1464602234.674339 16.604 -17.594 -0.001
1464602234.775763 16.722 -17.594 0.002
1464602235.298853 17.328 -17.587 0.022
1464602235.698059 17.790 -17.573 0.036
1464602235.863417 17.983 -17.566 0.042
1464602235.987562 18.129 -17.559 0.047
1464602236.109965 18.272 -17.552 0.051
1464602236.596378 18.833 -17.518 0.070
1464602236.708412 18.965 -17.509 0.077
1464602236.785722 19.055 -17.501 0.081
1464602236.892520 19.181 -17.491 0.087
1464602236.990986 19.296 -17.480 0.093
1464602237.075135 19.394 -17.471 0.098
1464602237.166201 19.501 -17.460 0.103
1464602237.254305 19.603 -17.449 0.108
1464602237.399725 19.772 -17.430 0.116
1464602237.843209 20.282 -17.364 0.142
1464602237.947244 20.403 -17.347 0.148
1464602238.036044 20.505 -17.331 0.153
1464602238.129731 20.613 -17.314 0.158
1464602238.213967 20.711 -17.298 0.163
1464602238.308850 20.821 -17.280 0.168
1464602238.391154 20.917 -17.263 0.173
1464602238.488328 21.030 -17.243 0.179
1464602238.598199 21.155 -17.220 0.185
1464602238.956849 21.564 -17.140 0.205
1464602239.452330 22.124 -17.014 0.234
1464602239.602412 22.295 -16.971 0.266
1464602239.731871 22.440 -16.929 0.304
1464602239.826655 22.547 -16.894 0.333
1464602239.932470 22.663 -16.852 0.364
1464602240.023424 22.761 -16.812 0.390
1464602240.137058 22.884 -16.759 0.425
1464602240.221633 22.974 -16.717 0.457
1464602240.303686 23.059 -16.673 0.493
1464602240.386826 23.145 -16.625 0.534
1464602240.486711 23.244 -16.563 0.583
1464602240.571896 23.327 -16.506 0.624
1464602240.663817 23.412 -16.442 0.669
1464602240.754307 23.496 -16.372 0.714
1464602240.839554 23.570 -16.305 0.755
1464602241.035564 23.729 -16.141 0.850
1464602241.521320 24.048 -15.679 1.083
1464602241.805616 24.183 -15.378 1.219
1464602241.934639 24.230 -15.235 1.282
1464602242.026286 24.260 -15.128 1.328
1464602242.118680 24.284 -15.021 1.373
1464602242.573090 24.331 -14.498 1.570
1464602242.683327 24.330 -14.369 1.586
1464602242.777903 24.328 -14.259 1.597
1464602242.866134 24.325 -14.154 1.608
1464602242.970760 24.319 -14.030 1.621
1464602243.082672 24.312 -13.899 1.635
1464602243.194590 24.303 -13.768 1.648
1464602243.465470 24.273 -13.456 1.681
1464602243.808996 24.221 -13.060 1.723
1464602243.918496 24.201 -12.934 1.736
1464602244.011365 24.182 -12.826 1.747
1464602244.107176 24.162 -12.717 1.759
1464602244.196538 24.142 -12.614 1.770
1464602244.299683 24.117 -12.494 1.782
1464602244.389079 24.094 -12.391 1.793
1464602244.758627 23.990 -11.976 1.838
1464602244.987727 23.917 -11.720 1.866
1464602245.083318 23.883 -11.613 1.877
1464602245.194727 23.843 -11.488 1.891
1464602245.278499 23.812 -11.395 1.901
1464602245.379933 23.772 -11.283 1.914
1464602245.478019 23.733 -11.174 1.926
1464602245.731307 23.627 -10.900 1.956
1464602246.199522 23.409 -10.404 2.013
1464602246.490351 23.260 -10.102 2.046
1464602246.633604 23.182 -9.952 2.047
1464602246.787824 23.099 -9.791 2.045
1464602246.877745 23.051 -9.697 2.043
1464602246.981398 22.996 -9.588 2.041
1464602247.051149 22.958 -9.514 2.040
1464602247.151575 22.904 -9.408 2.038
1464602247.235341 22.860 -9.319 2.037
1464602247.333838 22.808 -9.215 2.035
1464602247.417856 22.763 -9.127 2.033
1464602247.515483 22.712 -9.024 2.032
1464602247.603912 22.666 -8.930 2.030
1464602247.702157 22.615 -8.827 2.028
1464602248.096702 22.415 -8.417 2.021
1464602248.622090 22.188 -7.854 1.885
1464602248.780704 22.134 -7.676 1.844
1464602248.886487 22.102 -7.556 1.816
1464602248.968966 22.080 -7.461 1.794
1464602249.220229 22.025 -7.178 1.729
1464602249.533340 21.982 -6.814 1.647
1464602249.647507 21.974 -6.679 1.617
1464602249.730910 21.970 -6.581 1.595
1464602249.827978 21.969 -6.467 1.569
1464602249.922107 21.970 -6.356 1.545
1464602250.021411 21.975 -6.241 1.519
1464602250.123047 21.982 -6.120 1.498
1464602250.615449 22.038 -5.555 1.452
1464602250.756915 22.059 -5.387 1.440
1464602250.847219 22.073 -5.282 1.432
1464602250.942336 22.089 -5.171 1.424
1464602251.036826 22.106 -5.061 1.416
1464602251.136680 22.125 -4.943 1.408
1464602251.230885 22.143 -4.834 1.400
1464602251.337392 22.165 -4.710 1.391
1464602251.591735 22.221 -4.420 1.370
1464602251.911175 22.300 -4.058 1.343
1464602252.017318 22.328 -3.937 1.334
1464602252.119470 22.357 -3.821 1.326
1464602252.203923 22.382 -3.723 1.319
1464602252.299037 22.410 -3.614 1.311
1464602252.394066 22.439 -3.506 1.303
1464602252.491306 22.470 -3.396 1.294
1464602252.586481 22.501 -3.289 1.286
1464602252.797042 22.572 -3.054 1.269
1464602253.330849 22.756 -2.466 1.296
1464602253.616652 22.839 -2.144 1.340
1464602253.765799 22.876 -1.974 1.363
1464602253.865859 22.900 -1.859 1.379
1464602253.982853 22.925 -1.724 1.397
1464602254.080109 22.944 -1.610 1.412
1464602254.196850 22.964 -1.475 1.430
1464602254.297971 22.980 -1.357 1.446
1464602254.383133 22.992 -1.257 1.459
1464602254.480190 23.004 -1.144 1.475
1464602254.566544 23.013 -1.043 1.488
1464602254.666809 23.022 -0.925 1.504
1464602254.752534 23.028 -0.824 1.517
1464602254.848888 23.033 -0.711 1.532
1464602254.949906 23.037 -0.594 1.547
1464602255.117742 23.039 -0.398 1.573
1464602255.655004 22.998 0.222 1.711
1464602255.972549 22.930 0.584 1.803
1464602256.504117 22.743 1.168 1.957
1464602256.630948 22.685 1.305 1.995
1464602256.764322 22.618 1.446 2.034
1464602256.849693 22.571 1.536 2.059
1464602256.936018 22.523 1.625 2.084
1464602257.025001 22.471 1.714 2.110
1464602257.126908 22.407 1.817 2.140
1464602257.230634 22.340 1.919 2.171
1464602257.318974 22.280 2.005 2.197
1464602257.416352 22.212 2.095 2.226
1464602257.922394 21.823 2.531 2.372
1464602258.026296 21.734 2.615 2.403
1464602258.132354 21.641 2.697 2.434
1464602258.226628 21.557 2.768 2.461
1464602258.336831 21.454 2.848 2.494
1464602258.427933 21.369 2.911 2.521
1464602258.531545 21.269 2.980 2.551
1464602258.903667 20.901 3.199 2.658
1464602259.396008 20.378 3.428 2.801
1464602259.565765 20.189 3.489 2.851
1464602259.725968 20.010 3.538 2.897
1464602259.829383 19.891 3.566 2.928
1464602259.924851 19.781 3.588 2.956
1464602260.018996 19.671 3.607 2.984
1464602260.110174 19.564 3.623 3.011
1464602260.194863 19.466 3.634 3.036
1464602260.310130 19.331 3.646 3.070
1464602260.413949 19.209 3.653 3.101
1464602260.530694 19.072 3.657 3.135
1464602260.630398 18.954 3.656 -3.119
1464602260.729835 18.837 3.651 -3.092
1464602260.919367 18.617 3.637 -3.061
1464602261.603690 17.830 3.557 -3.019
1464602261.756996 17.653 3.534 -3.010
1464602261.906819 17.480 3.511 -3.000
1464602262.006793 17.365 3.494 -2.994
1464602262.318217 17.010 3.438 -2.975
1464602262.660342 16.619 3.368 -2.954
1464602262.768331 16.493 3.343 -2.947
1464602262.878257 16.368 3.318 -2.940
1464602262.978195 16.252 3.294 -2.934
1464602263.094723 16.118 3.266 -2.927
1464602263.196823 16.001 3.240 -2.924
1464602263.321796 15.859 3.209 -2.931
1464602263.823307 15.288 3.104 -2.991
1464602263.931208 15.162 3.086 -3.005
1464602264.032628 15.044 3.071 -3.017
1464602264.142726 14.917 3.056 -3.030
1464602264.241322 14.803 3.043 -3.042
1464602264.342232 14.684 3.032 -3.055
1464602264.470514 14.537 3.021 -3.070
1464602264.972802 13.954 2.996 -3.130
1464602265.110298 13.793 2.996 3.136
1464602265.209071 13.676 2.997 3.124
1464602265.313384 13.553 3.000 3.111
1464602265.411158 13.439 3.005 3.099
1464602265.523285 13.307 3.011 3.086
1464602266.228996 12.497 3.091 3.001
1464602266.522600 12.158 3.144 2.982
1464602266.656531 12.004 3.168 2.996
1464602266.780519 11.860 3.188 3.011
1464602266.873232 11.750 3.201 3.023
1464602266.958681 11.649 3.213 3.034
1464602267.057212 11.533 3.225 3.047
1464602267.151507 11.423 3.234 3.059
1464602267.244287 11.315 3.243 3.070
1464602267.339046 11.205 3.250 3.082
1464602267.426697 11.102 3.256 3.093
1464602267.529927 10.981 3.261 3.106
1464602267.626829 10.867 3.264 3.118
1464602267.715317 10.763 3.266 3.130
1464602267.932858 10.511 3.265 -3.126
1464602268.636028 9.698 3.218 -3.039
1464602268.829691 9.472 3.192 -3.015
1464602268.934383 9.350 3.175 -3.001
1464602269.062560 9.203 3.153 -2.985
1464602269.157408 9.093 3.135 -2.973
1464602269.262454 8.971 3.114 -2.960
1464602269.357572 8.860 3.093 -2.948
1464602269.455768 8.746 3.069 -2.935
1464602269.556278 8.630 3.044 -2.923
1464602269.656764 8.516 3.018 -2.910
1464602269.754965 8.404 2.991 -2.898
1464602269.843485 8.302 2.965 -2.886
1464602269.952638 8.180 2.933 -2.873
1464602270.062409 8.057 2.898 -2.859
1464602270.551280 7.517 2.726 -2.823
1464602270.682063 7.371 2.678 -2.833
1464602270.788089 7.251 2.641 -2.841
1464602270.889958 7.138 2.606 -2.849
1464602270.992833 7.021 2.571 -2.857
1464602271.099567 6.901 2.537 -2.865
1464602271.254202 6.725 2.488 -2.877
1464602271.701953 6.223 2.361 -2.911
1464602271.834640 6.070 2.326 -2.921
1464602271.931136 5.959 2.302 -2.929
1464602272.047420 5.825 2.273 -2.938
1464602272.150814 5.705 2.249 -2.946
1464602272.265942 5.572 2.223 -2.955
1464602272.756705 5.012 2.128 -2.992
1464602272.889247 4.858 2.106 -3.002
1464602272.992074 4.739 2.090 -3.010
1464602273.095443 4.620 2.074 -3.018
1464602273.207574 4.488 2.059 -3.027
1464602273.300080 4.379 2.046 -3.033
1464602273.388820 4.274 2.035 -3.032
1464602273.516643 4.126 2.018 -3.026
1464602273.697591 3.916 1.993 -3.017
1464602274.229869 3.305 1.908 -2.991
1464602274.526997 2.964 1.854 -2.976
1464602274.676323 2.793 1.824 -2.968
1464602274.777738 2.675 1.803 -2.963
1464602274.913118 2.520 1.775 -2.951
1464602275.013902 2.404 1.751 -2.932
1464602275.112637 2.292 1.726 -2.906
1464602275.232610 2.157 1.691 -2.866
1464602275.327418 2.050 1.659 -2.833
1464602275.446968 1.918 1.614 -2.793
1464602275.546325 1.809 1.572 -2.759
1464602275.663581 1.682 1.518 -2.723
1464602275.767755 1.570 1.467 -2.702
1464602275.896396 1.434 1.401 -2.686
1464602276.672109 0.665 0.946 -2.465
1464602276.888648 0.476 0.779 -2.369
1464602277.221095 0.233 0.508 -2.231
1464602277.539797 0.015 0.183 -2.108
1464602277.645305 -0.047 0.077 -2.093
1464602277.736043 -0.101 -0.017 -2.085
1464602277.835593 -0.158 -0.119 -2.077
1464602277.933708 -0.213 -0.220 -2.069
1464602278.033203 -0.269 -0.323 -2.061
1464602278.129778 -0.321 -0.423 -2.054
1464602278.225758 -0.374 -0.524 -2.046
1464602278.737416 -0.633 -1.054 -2.005
1464602278.871605 -0.700 -1.199 -1.994
1464602278.970722 -0.747 -1.305 -1.986
1464602279.077054 -0.797 -1.421 -1.978
1464602279.174775 -0.842 -1.526 -1.970
1464602279.278062 -0.889 -1.638 -1.962
1464602279.382270 -0.935 -1.751 -1.953
1464602279.507595 -0.989 -1.887 -1.943
1464602280.074244 -1.214 -2.502 -1.899
1464602280.522911 -1.372 -2.997 -1.863
1464602280.673010 -1.421 -3.164 -1.851
1464602280.788785 -1.458 -3.294 -1.842
1464602280.896424 -1.492 -3.417 -1.833
1464602280.994744 -1.521 -3.528 -1.825
1464602281.087835 -1.548 -3.634 -1.818
1464602281.184158 -1.576 -3.745 -1.810
1464602281.280614 -1.602 -3.855 -1.802
1464602281.369385 -1.626 -3.956 -1.795
1464602281.577795 -1.678 -4.191 -1.786
1464602281.996816 -1.789 -4.667 -1.814
1464602282.103122 -1.820 -4.789 -1.821
1464602282.210286 -1.852 -4.912 -1.829
1464602282.310324 -1.882 -5.026 -1.835
1464602282.419262 -1.916 -5.148 -1.843
1464602282.523612 -1.949 -5.267 -1.850
1464602282.632922 -1.985 -5.390 -1.857
1464602282.733919 -2.019 -5.504 -1.864
1464602282.850711 -2.059 -5.635 -1.872
1464602283.221004 -2.191 -6.043 -1.896
1464602283.745896 -2.395 -6.614 -1.931
1464602283.963277 -2.486 -6.849 -1.946
1464602284.411207 -2.682 -7.327 -1.975
1464602284.583892 -2.764 -7.515 -1.987
1464602284.685410 -2.812 -7.624 -1.994
1464602284.782694 -2.860 -7.729 -2.000
1464602284.877646 -2.906 -7.828 -2.007
1464602284.972452 -2.945 -7.913 -2.012
1464602285.083969 -2.984 -7.994 -2.017
1464602285.182917 -3.012 -8.053 -2.021
1464602285.277996 -3.034 -8.098 -2.024
1464602285.798702 -3.128 -8.289 -2.036
1464602286.071230 -3.172 -8.376 -2.042
1464602286.246826 -3.197 -8.424 -2.045
1464602286.376386 -3.215 -8.459 -2.047
1464602286.797655 -3.275 -8.573 -2.054
1464602287.047402 -3.310 -8.641 -2.059
